0 0.742676 0.706012 0.034180 0.051320
0 0.750488 0.768328 0.049805 0.049853
0 0.749023 0.623167 0.033203 0.035191
0 0.750977 0.525660 0.037109 0.042522
0 0.756348 0.563050 0.041992 0.046921
0 0.796387 0.042522 0.088867 0.079179
0 0.778320 0.186217 0.050781 0.067449
0 0.783691 0.239736 0.028320 0.063050
0 0.795410 0.136364 0.040039 0.137830
0 0.811523 0.703079 0.066406 0.124633
0 0.810059 0.466276 0.053711 0.090909
0 0.832031 0.398094 0.027344 0.107038
0 0.870605 0.147361 0.102539 0.101173
0 0.870605 0.612903 0.100586 0.108504
0 0.903320 0.379032 0.115234 0.174487