0 0.082031 0.300130 0.046875 0.024740
0 0.101074 0.310547 0.030273 0.035156
0 0.110840 0.293620 0.012695 0.022135
0 0.219727 0.283854 0.029297 0.018229
0 0.244629 0.283203 0.018555 0.011719
0 0.279785 0.304036 0.018555 0.024740
0 0.313965 0.289062 0.028320 0.013021
0 0.357910 0.291016 0.018555 0.009115
0 0.372559 0.313802 0.034180 0.023438
0 0.470215 0.292969 0.024414 0.013021
0 0.528809 0.301432 0.020508 0.024740
0 0.551270 0.294271 0.010742 0.015625
0 0.564453 0.315755 0.023438 0.029948
0 0.590820 0.297526 0.033203 0.022135
0 0.771973 0.331380 0.034180 0.035156
0 0.782715 0.287109 0.010742 0.016927
0 0.796387 0.325521 0.016602 0.031250
0 0.867676 0.319010 0.014648 0.023438