0 0.186035 0.441406 0.040039 0.028646
0 0.228027 0.448568 0.014648 0.022135
0 0.275391 0.424479 0.044922 0.026042
0 0.268066 0.446615 0.014648 0.026042
0 0.301270 0.445964 0.016602 0.032552
0 0.349121 0.443359 0.032227 0.032552
0 0.350098 0.425781 0.010742 0.007812
0 0.467285 0.427734 0.016602 0.019531
0 0.494141 0.435547 0.017578 0.022135
0 0.526367 0.432943 0.023438 0.016927
0 0.548828 0.453776 0.013672 0.037760
0 0.569824 0.453125 0.008789 0.026042
0 0.574707 0.430990 0.016602 0.015625
0 0.599609 0.453776 0.037109 0.037760
0 0.600586 0.427734 0.009766 0.009115
0 0.613770 0.425130 0.014648 0.014323
0 0.622559 0.421224 0.010742 0.009115
0 0.632812 0.451823 0.021484 0.026042
0 0.645996 0.420573 0.010742 0.007812
0 0.647949 0.439453 0.012695 0.024740
0 0.662109 0.426432 0.009766 0.011719
0 0.671875 0.419271 0.009766 0.010417
0 0.683105 0.442708 0.016602 0.020833
0 0.747559 0.419922 0.012695 0.011719
0 0.796387 0.456380 0.034180 0.032552
0 0.787598 0.421875 0.010742 0.010417
0 0.816895 0.455729 0.018555 0.041667
0 0.829590 0.434245 0.024414 0.014323
0 0.844238 0.460286 0.018555 0.040365
0 0.881836 0.458333 0.015625 0.026042
0 0.896973 0.460938 0.020508 0.039062
0 0.925293 0.457031 0.030273 0.033854
0 0.959961 0.463542 0.021484 0.033854
0 0.967285 0.438802 0.018555 0.015625
0 0.989258 0.465495 0.019531 0.035156