0 0.113770 0.251098 0.122070 0.306003
0 0.042969 0.203514 0.085938 0.193265
0 0.100098 0.120791 0.034180 0.042460
0 0.193359 0.270864 0.082031 0.269400
0 0.286133 0.745242 0.222656 0.506589
0 0.272949 0.324305 0.151367 0.364568
0 0.225098 0.117862 0.051758 0.048316
0 0.270020 0.670571 0.135742 0.371889
0 0.281738 0.128843 0.045898 0.040996
0 0.354004 0.144217 0.049805 0.086384
0 0.546875 0.726208 0.304688 0.544656
0 0.574219 0.451684 0.257812 0.563690
0 0.498047 0.129575 0.058594 0.077599
0 0.636719 0.337482 0.240234 0.399707
0 0.843750 0.680088 0.291016 0.508053