0 0.058594 0.858280 0.021484 0.031847
0 0.126953 0.882166 0.029297 0.047771
0 0.127441 0.937102 0.028320 0.074841
0 0.181152 0.946656 0.081055 0.068471
0 0.152832 0.845541 0.018555 0.022293
0 0.184082 0.864650 0.016602 0.028662
0 0.219238 0.878185 0.030273 0.042994
0 0.276367 0.882166 0.015625 0.038217
0 0.322754 0.844745 0.016602 0.020701
0 0.329590 0.882166 0.014648 0.038217
0 0.372559 0.880573 0.045898 0.044586
0 0.452148 0.974522 0.091797 0.044586
0 0.659180 0.922771 0.039062 0.068471
0 0.728027 0.877389 0.026367 0.031847
0 0.755371 0.877389 0.022461 0.031847
0 0.801758 0.969745 0.052734 0.054140
0 0.791992 0.877389 0.011719 0.031847
0 0.849609 0.859873 0.019531 0.022293
0 0.953125 0.978503 0.060547 0.036624