0 0.083008 0.636068 0.021484 0.027344
0 0.126465 0.634115 0.010742 0.013021
0 0.251953 0.653646 0.027344 0.033854
0 0.331055 0.619792 0.009766 0.010417
0 0.347168 0.619141 0.006836 0.006510
0 0.433594 0.701172 0.035156 0.029948
0 0.470703 0.624349 0.007812 0.009115
0 0.527832 0.632161 0.008789 0.009115
0 0.565430 0.716146 0.035156 0.020833
0 0.565430 0.646484 0.013672 0.019531
0 0.622559 0.677083 0.014648 0.033854
0 0.666992 0.685547 0.025391 0.032552
0 0.713867 0.664062 0.015625 0.031250
0 0.715332 0.632161 0.006836 0.009115
0 0.727539 0.651693 0.009766 0.016927
0 0.740234 0.652344 0.011719 0.015625
0 0.830566 0.690755 0.026367 0.011719