0 0.016113 0.492839 0.032227 0.097656
0 0.064941 0.403646 0.040039 0.028646
0 0.090820 0.526693 0.068359 0.128906
0 0.119141 0.444010 0.062500 0.054688
0 0.151367 0.402995 0.050781 0.035156
0 0.175781 0.442708 0.054688 0.057292
0 0.214355 0.460286 0.040039 0.069010
0 0.219238 0.381510 0.030273 0.026042
0 0.250000 0.456380 0.046875 0.079427
0 0.248535 0.384115 0.022461 0.023438
0 0.279297 0.529948 0.076172 0.166667
0 0.284180 0.375000 0.027344 0.020833
0 0.291992 0.391276 0.019531 0.011719
0 0.382324 0.452474 0.116211 0.084635
0 0.346191 0.380859 0.018555 0.016927
0 0.467285 0.387370 0.106445 0.029948
0 0.508301 0.432292 0.096680 0.072917
0 0.580566 0.514974 0.102539 0.175781
0 0.640137 0.442057 0.043945 0.063802
0 0.749023 0.421875 0.048828 0.044271
0 0.904297 0.419922 0.048828 0.035156
0 0.980469 0.427083 0.037109 0.054688