0 0.067383 0.595052 0.093750 0.078125
0 0.126465 0.606120 0.073242 0.082031
0 0.181641 0.600260 0.044922 0.067708
0 0.201660 0.602214 0.057617 0.084635
0 0.241699 0.603516 0.053711 0.069010
0 0.248047 0.595703 0.027344 0.069010
0 0.294922 0.594401 0.070312 0.069010
0 0.330078 0.623698 0.074219 0.062500
0 0.377441 0.596354 0.102539 0.078125
0 0.439941 0.584635 0.106445 0.083333
0 0.439453 0.620443 0.046875 0.048177
0 0.506348 0.606120 0.059570 0.089844
0 0.560547 0.604818 0.066406 0.076823
0 0.665039 0.593750 0.207031 0.085938
0 0.770996 0.594401 0.075195 0.084635
0 0.863281 0.604167 0.044922 0.052083
0 0.917480 0.595052 0.092773 0.085938
0 0.939941 0.608073 0.043945 0.041667