0 0.013672 0.460286 0.025391 0.055990
0 0.016602 0.415365 0.029297 0.041667
0 0.034668 0.457682 0.053711 0.050781
0 0.079102 0.467448 0.062500 0.078125
0 0.095703 0.392578 0.029297 0.016927
0 0.151367 0.538411 0.130859 0.180990
0 0.124023 0.470703 0.035156 0.053385
0 0.134277 0.446615 0.055664 0.026042
0 0.125000 0.393880 0.035156 0.016927
0 0.141113 0.440755 0.049805 0.014323
0 0.161133 0.389323 0.021484 0.020833
0 0.168945 0.406901 0.019531 0.022135
0 0.205078 0.401693 0.019531 0.024740
0 0.218750 0.464844 0.041016 0.070312
0 0.245117 0.472656 0.042969 0.070312
0 0.280762 0.464193 0.043945 0.053385
0 0.305664 0.406250 0.029297 0.023438
0 0.314941 0.452474 0.040039 0.045573
0 0.344238 0.406250 0.028320 0.033854
0 0.351562 0.452474 0.027344 0.045573
0 0.358398 0.463542 0.025391 0.031250
0 0.375488 0.454427 0.043945 0.057292
0 0.368652 0.405599 0.018555 0.029948
0 0.389648 0.408854 0.021484 0.026042
0 0.438965 0.537760 0.094727 0.177083
0 0.418945 0.436849 0.035156 0.027344
0 0.516113 0.466797 0.059570 0.061198
0 0.619629 0.449870 0.051758 0.048177
0 0.762207 0.451823 0.040039 0.049479
0 0.825195 0.462891 0.042969 0.058594
0 0.929688 0.459635 0.058594 0.046875
0 0.979980 0.451823 0.038086 0.046875