0 0.088867 0.734993 0.109375 0.099561
0 0.099121 0.756223 0.084961 0.083455
0 0.140137 0.759883 0.096680 0.099561
0 0.250977 0.742313 0.144531 0.134700
0 0.303223 0.750366 0.145508 0.127379
0 0.416504 0.744510 0.073242 0.130307
0 0.564941 0.737189 0.075195 0.153734
0 0.619141 0.755490 0.101562 0.102489
0 0.623535 0.692533 0.034180 0.029283
0 0.679199 0.732796 0.075195 0.130307
0 0.771484 0.740117 0.095703 0.124451
0 0.783691 0.773792 0.088867 0.057101
0 0.808105 0.759883 0.049805 0.076135
0 0.902832 0.743777 0.192383 0.146413