0 0.047852 0.481120 0.095703 0.269531
0 0.237305 0.464844 0.169922 0.260417
0 0.361816 0.630208 0.303711 0.473958
0 0.366699 0.354167 0.239258 0.179688
0 0.510742 0.605469 0.140625 0.171875
0 0.524902 0.359375 0.108398 0.145833
0 0.540039 0.596354 0.078125 0.156250
0 0.545898 0.481771 0.089844 0.140625
0 0.563477 0.589844 0.103516 0.182292
0 0.671387 0.425781 0.260742 0.257812
0 0.644531 0.481120 0.115234 0.324219
0 0.614746 0.282552 0.049805 0.036458
0 0.690918 0.546875 0.149414 0.343750
0 0.739746 0.283203 0.206055 0.048177
0 0.743652 0.318359 0.209961 0.115885
0 0.748535 0.389974 0.133789 0.175781
0 0.791992 0.421875 0.042969 0.111979
0 0.891602 0.373698 0.214844 0.229167
0 0.838379 0.263021 0.081055 0.041667
0 0.979980 0.434896 0.038086 0.223958