0 0.049316 0.789062 0.098633 0.414931
0 0.050781 0.831597 0.101562 0.329861
0 0.125000 0.790799 0.166016 0.314236
0 0.125977 0.606771 0.085938 0.036458
0 0.229980 0.763889 0.104492 0.194444
0 0.267090 0.777778 0.051758 0.114583
0 0.287598 0.685764 0.086914 0.086806
0 0.288574 0.732639 0.081055 0.180556
0 0.416992 0.658854 0.025391 0.071181
0 0.430176 0.652778 0.030273 0.065972
0 0.441895 0.620660 0.020508 0.046875
0 0.444824 0.618924 0.014648 0.029514
0 0.451660 0.641493 0.016602 0.036458
0 0.488281 0.612847 0.085938 0.072917
0 0.468750 0.627604 0.015625 0.043403
0 0.477539 0.611979 0.009766 0.029514
0 0.494629 0.610243 0.014648 0.029514
0 0.690430 0.634549 0.191406 0.119792
0 0.670410 0.644965 0.026367 0.036458
0 0.721680 0.684028 0.029297 0.079861
0 0.751465 0.680556 0.040039 0.062500
0 0.901855 0.661458 0.194336 0.059028
0 0.869141 0.753472 0.060547 0.083333
0 0.949707 0.743056 0.092773 0.145833
0 0.927734 0.776042 0.042969 0.083333
0 0.968750 0.787326 0.060547 0.144097