0 0.050293 0.457031 0.100586 0.164062
0 0.190430 0.397135 0.062500 0.127604
0 0.219727 0.401042 0.035156 0.111979
0 0.277344 0.425781 0.097656 0.200521
0 0.347656 0.408203 0.175781 0.170573
0 0.418945 0.386719 0.085938 0.161458
0 0.553711 0.385417 0.232422 0.187500
0 0.598633 0.367839 0.142578 0.115885
0 0.585938 0.289714 0.095703 0.048177
0 0.628906 0.220052 0.046875 0.062500
0 0.665039 0.234375 0.046875 0.039062
0 0.707031 0.258464 0.076172 0.066406
0 0.770020 0.391927 0.069336 0.140625
0 0.755371 0.263672 0.036133 0.053385
0 0.809082 0.410156 0.040039 0.166667
0 0.808105 0.275391 0.028320 0.061198
0 0.829590 0.298828 0.038086 0.029948
0 0.832031 0.313151 0.035156 0.035156
0 0.853516 0.417318 0.064453 0.191406
0 0.861816 0.280599 0.057617 0.053385
0 0.872070 0.322917 0.052734 0.059896
0 0.916992 0.410807 0.074219 0.123698
0 0.890625 0.266927 0.019531 0.028646
0 0.901855 0.291667 0.038086 0.036458
0 0.915039 0.335938 0.039062 0.049479
0 0.936035 0.328776 0.022461 0.058594
0 0.964355 0.335286 0.028320 0.055990
0 0.991699 0.325521 0.014648 0.065104
0 0.994629 0.460938 0.008789 0.164062