0 0.147461 0.530928 0.093750 0.033873
0 0.258301 0.524300 0.055664 0.047128
0 0.332520 0.527246 0.022461 0.026510
0 0.366699 0.521355 0.014648 0.023564
0 0.417969 0.545655 0.095703 0.057437
0 0.419922 0.536819 0.050781 0.063328
0 0.480957 0.523564 0.018555 0.045655
0 0.498047 0.516937 0.013672 0.032401
0 0.539062 0.520619 0.017578 0.025037
0 0.559570 0.537555 0.029297 0.055965
0 0.594238 0.544183 0.022461 0.042710
0 0.633301 0.541237 0.024414 0.054492
0 0.656738 0.519146 0.028320 0.057437
0 0.683594 0.522828 0.031250 0.029455
0 0.705566 0.549337 0.043945 0.055965
0 0.708984 0.509573 0.019531 0.014728
0 0.744629 0.544919 0.041992 0.067747
0 0.748047 0.533873 0.048828 0.075110
0 0.757324 0.522091 0.057617 0.051546
0 0.812012 0.555228 0.041992 0.032401
0 0.959961 0.526510 0.064453 0.051546
0 0.983398 0.561856 0.029297 0.022091