0 0.135742 0.545388 0.029297 0.054173
0 0.167480 0.546120 0.026367 0.055637
0 0.272949 0.579795 0.043945 0.076135
0 0.328125 0.592240 0.033203 0.065886
0 0.362793 0.510981 0.016602 0.046852
0 0.477051 0.825037 0.194336 0.346999
0 0.408691 0.510249 0.026367 0.036603
0 0.421387 0.622255 0.034180 0.087848
0 0.453613 0.521962 0.053711 0.062958
0 0.457520 0.635432 0.018555 0.064422
0 0.555664 0.655930 0.039062 0.052709
0 0.558105 0.623719 0.043945 0.061493
0 0.550781 0.622255 0.025391 0.017570
0 0.601074 0.653001 0.061523 0.099561
0 0.614258 0.658858 0.031250 0.090776
0 0.628906 0.542460 0.025391 0.051245
0 0.675781 0.635432 0.083984 0.061493
0 0.709961 0.539531 0.017578 0.051245
0 0.758301 0.623719 0.063477 0.055637
0 0.807129 0.619327 0.041992 0.079063
0 0.836426 0.590776 0.038086 0.039531
0 0.843262 0.633968 0.030273 0.052709
0 0.870117 0.595168 0.029297 0.068814
0 0.975586 0.592972 0.027344 0.029283
0 0.985352 0.623719 0.027344 0.076135