0 0.432129 0.592448 0.211914 0.273438
0 0.031250 0.482422 0.062500 0.183594
0 0.586914 0.316406 0.060547 0.062500
0 0.622070 0.309245 0.029297 0.066406
0 0.624512 0.264323 0.024414 0.031250
0 0.640137 0.309896 0.024414 0.059896
0 0.658691 0.318359 0.022461 0.040365
0 0.668945 0.352214 0.025391 0.066406
0 0.699219 0.338542 0.048828 0.083333
0 0.710449 0.312500 0.030273 0.057292
0 0.789551 0.391927 0.114258 0.148438
0 0.907715 0.523438 0.180664 0.174479
0 0.947754 0.345703 0.051758 0.087240
0 0.984863 0.352865 0.026367 0.096354