0 0.066406 0.645182 0.046875 0.061198
0 0.136230 0.641276 0.092773 0.074219
0 0.291504 0.623698 0.034180 0.067708
0 0.460449 0.631510 0.073242 0.083333
0 0.438477 0.626953 0.021484 0.040365
0 0.466797 0.612630 0.054688 0.061198
0 0.489746 0.602865 0.055664 0.046875
0 0.588379 0.626302 0.051758 0.080729
0 0.637207 0.604818 0.051758 0.061198
0 0.669922 0.603516 0.013672 0.048177
0 0.690430 0.613281 0.037109 0.026042
0 0.688965 0.583333 0.028320 0.033854
0 0.730957 0.593750 0.084961 0.070312
0 0.781250 0.604167 0.031250 0.031250
0 0.809570 0.585938 0.072266 0.052083
0 0.809570 0.601562 0.054688 0.046875
0 0.823730 0.630208 0.059570 0.052083
0 0.866211 0.580729 0.052734 0.041667
0 0.892090 0.605469 0.100586 0.078125
0 0.931641 0.582031 0.062500 0.046875