0 0.015625 0.516602 0.031250 0.025391
0 0.055990 0.507812 0.057292 0.039062
0 0.204427 0.502930 0.276042 0.062500
0 0.180990 0.528809 0.085938 0.036133
0 0.339844 0.516602 0.075521 0.048828
0 0.421875 0.516602 0.151042 0.070312
0 0.445312 0.474609 0.039062 0.027344
0 0.523438 0.470215 0.049479 0.063477
0 0.570964 0.488281 0.027344 0.023438
0 0.584635 0.493652 0.039062 0.026367
0 0.660156 0.483398 0.104167 0.095703
0 0.738281 0.477539 0.054688 0.056641
0 0.779948 0.526367 0.130208 0.039062
0 0.809245 0.486816 0.097656 0.051758
0 0.917318 0.495117 0.123698 0.074219