0 0.257812 0.612957 0.105469 0.232558
0 0.129395 0.572259 0.057617 0.098007
0 0.199707 0.469269 0.022461 0.041528
0 0.225586 0.476744 0.015625 0.029900
0 0.241211 0.479236 0.011719 0.021595
0 0.247070 0.482558 0.015625 0.014950
0 0.279785 0.493355 0.022461 0.023256
0 0.353516 0.639535 0.066406 0.049834
0 0.347656 0.514120 0.035156 0.054817
0 0.351562 0.592193 0.042969 0.061462
0 0.574707 0.573090 0.155273 0.182724
0 0.550293 0.418605 0.040039 0.099668
0 0.587402 0.448505 0.036133 0.056478
0 0.631348 0.426080 0.081055 0.117940
0 0.713867 0.578904 0.101562 0.294020