0 0.242676 0.651799 0.344727 0.368345
0 0.325195 0.379856 0.107422 0.117986
0 0.402832 0.525899 0.215820 0.358273
0 0.538574 0.566187 0.163086 0.381295
0 0.520020 0.394964 0.086914 0.153957
0 0.738770 0.630935 0.377930 0.594245
0 0.581055 0.582734 0.048828 0.126619
0 0.669434 0.366906 0.108398 0.071942
0 0.811035 0.618705 0.375977 0.443165
0 0.707520 0.369065 0.145508 0.064748
0 0.702148 0.310791 0.064453 0.046043
0 0.743652 0.310072 0.075195 0.064748
0 0.769043 0.356835 0.124023 0.106475
0 0.918457 0.365468 0.161133 0.077698