0 0.094238 0.432353 0.188477 0.279412
0 0.106445 0.286029 0.060547 0.057353
0 0.278320 0.293382 0.185547 0.113235
0 0.202148 0.277206 0.033203 0.063235
0 0.229004 0.287500 0.028320 0.077941
0 0.267090 0.300000 0.051758 0.111765
0 0.296387 0.285294 0.024414 0.070588
0 0.308105 0.267647 0.014648 0.038235
0 0.331055 0.282353 0.037109 0.076471
0 0.351562 0.299265 0.042969 0.098529
0 0.512695 0.308088 0.242188 0.142647
0 0.411133 0.287500 0.035156 0.077941
0 0.434570 0.308824 0.046875 0.111765
0 0.476562 0.308824 0.048828 0.097059
0 0.517090 0.303676 0.030273 0.089706
0 0.546387 0.311029 0.059570 0.098529
0 0.557617 0.321324 0.068359 0.136765
0 0.613770 0.316912 0.038086 0.110294
0 0.743164 0.344853 0.140625 0.151471