0 0.008301 0.384115 0.016602 0.085938
0 0.034668 0.388021 0.069336 0.078125
0 0.068848 0.555990 0.137695 0.276042
0 0.043457 0.472656 0.084961 0.250000
0 0.088867 0.376953 0.082031 0.050781
0 0.219238 0.559896 0.315430 0.299479
0 0.132812 0.504557 0.103516 0.300781
0 0.135742 0.412109 0.103516 0.087240
0 0.190918 0.411458 0.036133 0.052083
0 0.277832 0.388672 0.208008 0.082031
0 0.305176 0.489583 0.235352 0.208333
0 0.211914 0.367839 0.035156 0.042969
0 0.273438 0.379557 0.111328 0.042969
0 0.283203 0.614583 0.115234 0.341146
0 0.301270 0.410807 0.081055 0.042969
0 0.336426 0.369141 0.079102 0.055990
0 0.416992 0.523438 0.091797 0.234375
0 0.410645 0.374349 0.055664 0.053385
0 0.539062 0.385417 0.236328 0.075521
0 0.546875 0.432943 0.251953 0.170573
0 0.571777 0.552083 0.237305 0.273438
0 0.532227 0.350260 0.068359 0.020833
0 0.659668 0.604167 0.249023 0.369792
0 0.716309 0.503255 0.215820 0.243490
0 0.742676 0.370443 0.186523 0.071615
0 0.700684 0.346354 0.094727 0.023438
0 0.817383 0.571615 0.257812 0.322917
0 0.876465 0.515625 0.122070 0.346354
0 0.849609 0.349609 0.056641 0.029948