0 0.206055 0.754038 0.091797 0.265786
0 0.292480 0.762115 0.083008 0.276065
0 0.268555 0.587372 0.025391 0.067548
0 0.286133 0.575624 0.015625 0.044053
0 0.311035 0.591043 0.065430 0.074890
0 0.333984 0.726138 0.052734 0.218796
0 0.347656 0.529369 0.025391 0.030837
0 0.361816 0.554332 0.024414 0.036711
0 0.382812 0.659325 0.064453 0.190896
0 0.397461 0.528634 0.019531 0.049927
0 0.433594 0.736417 0.085938 0.242291
0 0.416504 0.594714 0.038086 0.055800
0 0.423828 0.575624 0.035156 0.064611
0 0.905273 0.669604 0.097656 0.170338