0 0.290039 0.737834 0.185547 0.182104
0 0.031250 0.739403 0.062500 0.178964
0 0.084473 0.735479 0.053711 0.152276
0 0.128418 0.709576 0.057617 0.160126
0 0.210938 0.895604 0.171875 0.092622
0 0.302246 0.843014 0.166992 0.050235
0 0.286133 0.779435 0.048828 0.098901
0 0.369629 0.892465 0.127930 0.061224
0 0.407715 0.824961 0.043945 0.064364
0 0.450195 0.823391 0.074219 0.054945
0 0.479004 0.888540 0.077148 0.069074
0 0.638184 0.891680 0.159180 0.113030
0 0.766602 0.850078 0.142578 0.095761
0 0.889160 0.869702 0.153320 0.047096
0 0.902344 0.824961 0.134766 0.042386