0 0.163086 0.537335 0.080078 0.207906
0 0.226562 0.272328 0.048828 0.143485
0 0.240234 0.313324 0.035156 0.055637
0 0.328125 0.338214 0.171875 0.175695
0 0.297852 0.214495 0.091797 0.054173
0 0.334961 0.308199 0.152344 0.185944
0 0.448242 0.573939 0.328125 0.401171
0 0.471680 0.275988 0.138672 0.183016
0 0.441895 0.207906 0.077148 0.040996
0 0.490234 0.250366 0.115234 0.152269
0 0.714844 0.484627 0.384766 0.333821
0 0.606445 0.254026 0.060547 0.092240
0 0.703613 0.269400 0.112305 0.102489
0 0.833984 0.816252 0.330078 0.364568
0 0.775391 0.286237 0.044922 0.062958
0 0.881348 0.309663 0.149414 0.177160