0 0.086914 0.454427 0.134766 0.091146
0 0.030273 0.459635 0.060547 0.078125
0 0.078125 0.419271 0.062500 0.020833
0 0.119141 0.420573 0.019531 0.013021
0 0.188965 0.418620 0.088867 0.022135
0 0.217773 0.452474 0.087891 0.069010
0 0.208008 0.401042 0.054688 0.015625
0 0.241699 0.452474 0.106445 0.071615
0 0.321289 0.436849 0.056641 0.074219
0 0.351562 0.428385 0.029297 0.052083
0 0.386719 0.473958 0.080078 0.078125
0 0.373535 0.415365 0.036133 0.049479
0 0.417480 0.450521 0.069336 0.072917
0 0.402832 0.409505 0.034180 0.035156
0 0.431152 0.404948 0.049805 0.026042
0 0.544434 0.401042 0.174805 0.127604
0 0.595703 0.352214 0.019531 0.037760
0 0.619141 0.350911 0.017578 0.040365
0 0.641113 0.391927 0.018555 0.033854
0 0.649902 0.419922 0.024414 0.040365
0 0.662598 0.382812 0.024414 0.039062
0 0.676270 0.359375 0.026367 0.039062
0 0.676758 0.414062 0.023438 0.052083
0 0.700195 0.381510 0.035156 0.046875
0 0.751465 0.356120 0.026367 0.037760