0 0.018066 0.543192 0.036133 0.058565
0 0.049316 0.554173 0.073242 0.065886
0 0.053223 0.514641 0.020508 0.007321
0 0.107910 0.535139 0.045898 0.048316
0 0.202148 0.642020 0.107422 0.109810
0 0.181152 0.525622 0.047852 0.049780
0 0.220703 0.566618 0.082031 0.038067
0 0.236816 0.620791 0.092773 0.108346
0 0.224609 0.524890 0.029297 0.051245
0 0.337891 0.632504 0.082031 0.090776
0 0.354980 0.530747 0.038086 0.054173
0 0.380859 0.576135 0.070312 0.062958
0 0.445801 0.638360 0.104492 0.114202
0 0.436035 0.561493 0.055664 0.039531
0 0.532715 0.634700 0.065430 0.098097
0 0.591309 0.623719 0.055664 0.084919
0 0.640137 0.637628 0.086914 0.115666
0 0.671875 0.622987 0.062500 0.101025
0 0.725098 0.647145 0.096680 0.120059
0 0.729004 0.574671 0.028320 0.051245
0 0.765625 0.661054 0.087891 0.101025
0 0.788086 0.579063 0.066406 0.042460
0 0.819824 0.583455 0.047852 0.039531
0 0.839355 0.620059 0.053711 0.092240
0 0.931152 0.612738 0.125977 0.142020