0 0.014648 0.503255 0.029297 0.095052
0 0.029297 0.501953 0.025391 0.066406
0 0.051270 0.443359 0.018555 0.042969
0 0.082520 0.430990 0.043945 0.057292
0 0.100098 0.456380 0.059570 0.076823
0 0.130371 0.567708 0.102539 0.135417
0 0.156250 0.608073 0.097656 0.111979
0 0.142578 0.421875 0.042969 0.052083
0 0.149902 0.477214 0.030273 0.066406
0 0.158691 0.390625 0.026367 0.023438
0 0.187988 0.438151 0.043945 0.053385
0 0.209473 0.459635 0.041992 0.065104
0 0.206543 0.417318 0.026367 0.019531
0 0.218750 0.563151 0.050781 0.089844
0 0.342773 0.475260 0.207031 0.179688
0 0.274414 0.546875 0.056641 0.098958
0 0.346191 0.675130 0.098633 0.186198
0 0.329590 0.579427 0.034180 0.036458
0 0.401367 0.644531 0.064453 0.151042
0 0.428711 0.561849 0.085938 0.102865
0 0.527832 0.414062 0.180664 0.059896
0 0.502930 0.503906 0.115234 0.125000
0 0.607910 0.824870 0.161133 0.243490
0 0.557129 0.559896 0.049805 0.114583
0 0.595703 0.472656 0.083984 0.072917
0 0.640625 0.714193 0.164062 0.115885
0 0.673828 0.873047 0.177734 0.251302
0 0.643555 0.421224 0.021484 0.040365
0 0.657227 0.432292 0.017578 0.023438
0 0.685547 0.500651 0.062500 0.089844
0 0.724121 0.406250 0.014648 0.023438
0 0.821289 0.598307 0.125000 0.157552
0 0.793457 0.453776 0.038086 0.050781
0 0.804199 0.509115 0.032227 0.078125
0 0.817871 0.483724 0.040039 0.066406
0 0.839355 0.746745 0.069336 0.194010
0 0.842285 0.472005 0.024414 0.048177
0 0.927246 0.931641 0.143555 0.134115
0 0.915527 0.481771 0.043945 0.070312
0 0.945312 0.417318 0.027344 0.029948
0 0.981445 0.761719 0.035156 0.169271