0 0.024902 0.522786 0.049805 0.095052
0 0.038086 0.444661 0.076172 0.095052
0 0.078613 0.667969 0.157227 0.302083
0 0.123535 0.581380 0.084961 0.126302
0 0.203125 0.659505 0.132812 0.423177
0 0.341797 0.667969 0.267578 0.421875
0 0.318359 0.492839 0.158203 0.154948
0 0.468262 0.513021 0.096680 0.255208
0 0.556641 0.456380 0.068359 0.222656
0 0.600586 0.485677 0.109375 0.278646
0 0.585449 0.319661 0.051758 0.082031
0 0.711914 0.500651 0.119141 0.251302
0 0.755371 0.542318 0.151367 0.251302
0 0.723633 0.340495 0.062500 0.108073
0 0.822266 0.567057 0.187500 0.269531
0 0.859863 0.439453 0.147461 0.162760
0 0.846680 0.338542 0.054688 0.072917
0 0.931641 0.440104 0.107422 0.169271
0 0.971191 0.470703 0.055664 0.160156
0 0.967773 0.263672 0.041016 0.053385