0 0.050293 0.668945 0.100586 0.275391
0 0.178223 0.695312 0.059570 0.218750
0 0.234375 0.676758 0.064453 0.201172
0 0.236328 0.371094 0.068359 0.082031
0 0.268555 0.361328 0.017578 0.070312
0 0.282227 0.344727 0.019531 0.044922
0 0.326172 0.672852 0.087891 0.216797
0 0.321777 0.368164 0.018555 0.107422
0 0.358398 0.363281 0.041016 0.085938
0 0.375000 0.388672 0.029297 0.078125
0 0.437012 0.704102 0.090820 0.216797
0 0.475586 0.365234 0.017578 0.101562
0 0.541504 0.370117 0.018555 0.052734
0 0.546387 0.404297 0.014648 0.046875
0 0.592285 0.354492 0.057617 0.068359
0 0.731445 0.767578 0.107422 0.210938
0 0.705078 0.597656 0.033203 0.085938
0 0.759277 0.666016 0.129883 0.117188
0 0.716309 0.286133 0.028320 0.052734
0 0.795898 0.814453 0.136719 0.222656
0 0.867676 0.880859 0.079102 0.152344
0 0.899414 0.802734 0.142578 0.210938
0 0.867188 0.652344 0.041016 0.097656
0 0.927734 0.685547 0.087891 0.035156
0 0.960938 0.840820 0.076172 0.228516
0 0.963867 0.667969 0.070312 0.070312