0 0.041625 0.698242 0.075226 0.099609
0 0.066199 0.918457 0.110331 0.102539
0 0.149448 0.419922 0.132397 0.058594
0 0.137914 0.401367 0.103310 0.052734
0 0.288867 0.661133 0.298897 0.203125
0 0.226179 0.400879 0.089268 0.104492
0 0.239719 0.432129 0.098295 0.127930
0 0.294885 0.382812 0.066199 0.078125
0 0.341023 0.382324 0.060181 0.032227
0 0.426780 0.362793 0.105316 0.038086
0 0.454363 0.439941 0.160481 0.143555
0 0.586259 0.675293 0.370110 0.555664
0 0.493982 0.354004 0.075226 0.041992
0 0.577733 0.391113 0.046138 0.049805
0 0.639920 0.396484 0.112337 0.083984
0 0.667001 0.382324 0.088265 0.090820
0 0.795386 0.516602 0.116349 0.152344
0 0.845537 0.368652 0.082247 0.090820