0 0.007812 0.306735 0.015625 0.083455
0 0.020508 0.397511 0.041016 0.136164
0 0.024902 0.164714 0.049805 0.077599
0 0.114746 0.466325 0.182617 0.232796
0 0.120117 0.569546 0.175781 0.292826
0 0.134277 0.329429 0.165039 0.070278
0 0.113281 0.446559 0.064453 0.122987
0 0.169922 0.125183 0.121094 0.106881
0 0.221680 0.220351 0.191406 0.147877
0 0.227051 0.462665 0.090820 0.225476
0 0.316406 0.172035 0.238281 0.103953
0 0.342773 0.386530 0.251953 0.120059
0 0.296387 0.492679 0.135742 0.159590
0 0.315430 0.056369 0.103516 0.112738
0 0.385254 0.276720 0.225586 0.143485
0 0.385742 0.578331 0.136719 0.272328
0 0.365723 0.421669 0.069336 0.043924
0 0.382324 0.068814 0.071289 0.137628
0 0.401367 0.407760 0.056641 0.045388
0 0.439941 0.439971 0.071289 0.054173
0 0.585449 0.664714 0.348633 0.289898
0 0.548340 0.728404 0.256836 0.244510
0 0.530762 0.097365 0.198242 0.194729
0 0.567871 0.539531 0.254883 0.238653
0 0.562988 0.746706 0.227539 0.240117
0 0.513184 0.274524 0.104492 0.180088
0 0.587402 0.424597 0.241211 0.099561
0 0.617676 0.760615 0.260742 0.232796
0 0.606445 0.539531 0.199219 0.109810
0 0.639160 0.792826 0.231445 0.229868
0 0.562500 0.286969 0.046875 0.184480
0 0.633301 0.274524 0.118164 0.171303
0 0.678711 0.420205 0.138672 0.175695
0 0.725586 0.412884 0.138672 0.213763
0 0.753906 0.773792 0.154297 0.238653
0 0.812012 0.297218 0.194336 0.190337
0 0.841309 0.795022 0.229492 0.295754
0 0.833984 0.124451 0.171875 0.175695
0 0.834473 0.559297 0.104492 0.216691
0 0.914551 0.306003 0.166992 0.114202
0 0.883301 0.390922 0.083008 0.125915
0 0.907715 0.605417 0.114258 0.159590
0 0.932129 0.491215 0.131836 0.183016
0 0.939941 0.851391 0.116211 0.273792
0 0.939941 0.401903 0.116211 0.051245
0 0.966797 0.363104 0.062500 0.043924
0 0.976074 0.108346 0.043945 0.096633