0 0.254395 0.583578 0.340820 0.337243
0 0.486816 0.612903 0.213867 0.348974
0 0.472656 0.345308 0.076172 0.063050
0 0.624512 0.343109 0.061523 0.067449
0 0.710938 0.361437 0.125000 0.027859
0 0.658691 0.365836 0.018555 0.016129
0 0.679199 0.362903 0.020508 0.016129
0 0.703125 0.365103 0.031250 0.017595
0 0.725586 0.364370 0.013672 0.019062
0 0.738770 0.364370 0.012695 0.024927
0 0.744629 0.368768 0.024414 0.021994
0 0.762207 0.362903 0.012695 0.016129
0 0.789551 0.351906 0.032227 0.046921
0 0.779297 0.369501 0.009766 0.014663
0 0.789062 0.367302 0.029297 0.021994
0 0.810059 0.365103 0.010742 0.020528
0 0.827637 0.367302 0.028320 0.024927
0 0.827637 0.362903 0.020508 0.016129
0 0.840332 0.359238 0.030273 0.055718
0 0.840820 0.348974 0.021484 0.043988
0 0.859863 0.362903 0.018555 0.027859
0 0.877441 0.357038 0.014648 0.024927
0 0.878418 0.358504 0.008789 0.036657
0 0.889160 0.351173 0.020508 0.051320
0 0.908691 0.362170 0.018555 0.026393
0 0.911621 0.361437 0.012695 0.019062
0 0.927734 0.363636 0.021484 0.023460
0 0.938477 0.355572 0.011719 0.024927
0 0.944336 0.365103 0.021484 0.017595