0 0.496582 0.735294 0.161133 0.117647
0 0.020508 0.754412 0.041016 0.094118
0 0.035645 0.745588 0.071289 0.114706
0 0.102051 0.740441 0.073242 0.104412
0 0.124512 0.750735 0.055664 0.122059
0 0.179688 0.741176 0.058594 0.097059
0 0.252930 0.746324 0.111328 0.092647
0 0.243652 0.683824 0.057617 0.017647
0 0.265137 0.696324 0.079102 0.025000
0 0.354004 0.705882 0.112305 0.041176
0 0.373535 0.738235 0.075195 0.076471
0 0.578125 0.725735 0.025391 0.066176
0 0.672852 0.736029 0.126953 0.116176
0 0.768555 0.729412 0.076172 0.102941
0 0.814453 0.710294 0.037109 0.091176
0 0.855469 0.735294 0.076172 0.100000
0 0.933105 0.727941 0.090820 0.114706
0 0.974121 0.730147 0.049805 0.092647