0 0.083984 0.927497 0.167969 0.142271
0 0.133789 0.750342 0.267578 0.143639
0 0.144531 0.894665 0.289062 0.207934
0 0.104492 0.437756 0.148438 0.218878
0 0.364258 0.739398 0.363281 0.348837
0 0.321289 0.503420 0.152344 0.177839
0 0.350586 0.809166 0.197266 0.378933
0 0.377930 0.419289 0.091797 0.050616
0 0.443848 0.448700 0.094727 0.128591
0 0.487793 0.486320 0.166992 0.198358
0 0.707520 0.873461 0.504883 0.250342
0 0.628906 0.514364 0.177734 0.284542
0 0.827148 0.499316 0.238281 0.273598
0 0.837891 0.637483 0.167969 0.317373
0 0.906738 0.468536 0.184570 0.097127
0 0.937988 0.508208 0.122070 0.129959
0 0.947266 0.824897 0.103516 0.347469
0 0.947754 0.609439 0.102539 0.121751