0 0.024414 0.636628 0.048828 0.197674
0 0.092773 0.635901 0.058594 0.196221
0 0.142090 0.645349 0.051758 0.162791
0 0.196289 0.610465 0.046875 0.145349
0 0.232422 0.561773 0.044922 0.158430
0 0.252441 0.579215 0.061523 0.184593
0 0.349609 0.556686 0.193359 0.238372
0 0.284180 0.568314 0.058594 0.180233
0 0.416504 0.495640 0.024414 0.069767
0 0.504395 0.473110 0.038086 0.109012
0 0.637207 0.526163 0.077148 0.095930
0 0.644531 0.481831 0.054688 0.047965
0 0.688965 0.467297 0.073242 0.053779
0 0.691895 0.535610 0.073242 0.149709
0 0.791504 0.518895 0.114258 0.110465
0 0.910156 0.873547 0.177734 0.250000