0 0.023438 0.528646 0.046875 0.095486
0 0.024902 0.540799 0.049805 0.095486
0 0.085938 0.803819 0.171875 0.388889
0 0.084473 0.528646 0.047852 0.095486
0 0.097168 0.513021 0.065430 0.085069
0 0.177734 0.530382 0.099609 0.130208
0 0.153809 0.538194 0.047852 0.111111
0 0.155762 0.480903 0.045898 0.048611
0 0.194824 0.526910 0.053711 0.102431
0 0.247070 0.502604 0.087891 0.109375
0 0.381348 0.762153 0.274414 0.413194
0 0.316406 0.549479 0.085938 0.057292
0 0.326660 0.481771 0.057617 0.085069
0 0.364746 0.485243 0.036133 0.095486
0 0.479004 0.669271 0.249023 0.401042
0 0.427734 0.468750 0.109375 0.076389
0 0.526855 0.465278 0.100586 0.093750
0 0.643555 0.447049 0.072266 0.123264
0 0.693359 0.449653 0.123047 0.125000
0 0.800293 0.484375 0.159180 0.173611
0 0.947266 0.471354 0.103516 0.192708