0 0.095215 0.139092 0.190430 0.134700
0 0.106445 0.407028 0.212891 0.295754
0 0.158691 0.749634 0.317383 0.497804
0 0.300781 0.513177 0.601562 0.751098
0 0.412598 0.339678 0.444336 0.500732
0 0.312988 0.109078 0.045898 0.027818
0 0.540527 0.265007 0.440430 0.366032
0 0.490234 0.551245 0.189453 0.247438
0 0.481445 0.107613 0.041016 0.024890
0 0.519043 0.120791 0.053711 0.027818
0 0.642578 0.284773 0.230469 0.326501
0 0.608887 0.133236 0.079102 0.040996
0 0.661621 0.163982 0.147461 0.099561
0 0.637207 0.114202 0.049805 0.026354
0 0.832031 0.297950 0.261719 0.352855
0 0.748047 0.121523 0.074219 0.040996
0 0.797363 0.245242 0.090820 0.206442
0 0.828125 0.177160 0.052734 0.105417
0 0.898438 0.193265 0.080078 0.073206