0 0.740723 0.515625 0.135742 0.130208
0 0.357910 0.449219 0.008789 0.020833
0 0.419434 0.446615 0.020508 0.015625
0 0.470703 0.567057 0.101562 0.115885
0 0.477051 0.537760 0.108398 0.117188
0 0.468262 0.445312 0.016602 0.015625
0 0.576660 0.444661 0.008789 0.011719
0 0.583008 0.436849 0.017578 0.014323
0 0.620605 0.436849 0.014648 0.014323
0 0.651367 0.432943 0.005859 0.014323
0 0.661621 0.432292 0.008789 0.010417
0 0.679688 0.431641 0.021484 0.016927
0 0.699219 0.431641 0.009766 0.011719
0 0.716309 0.430339 0.004883 0.014323
0 0.761719 0.429688 0.009766 0.020833
0 0.810547 0.503255 0.072266 0.095052