0 0.178223 0.281513 0.356445 0.087635
0 0.041504 0.272509 0.063477 0.062425
0 0.105469 0.273109 0.066406 0.068427
0 0.189941 0.274310 0.065430 0.066026
0 0.430176 0.733493 0.420898 0.348139
0 0.263184 0.271309 0.065430 0.064826
0 0.315918 0.276110 0.084961 0.074430
0 0.388184 0.715486 0.161133 0.379352
0 0.523926 0.278511 0.190430 0.134454
0 0.508789 0.537815 0.150391 0.120048
0 0.692871 0.295918 0.172852 0.133253
0 0.774902 0.288115 0.041992 0.038415
0 0.831055 0.263505 0.103516 0.068427
0 0.855469 0.291717 0.052734 0.033613
0 0.914062 0.306122 0.085938 0.151261