0 0.321777 0.725260 0.133789 0.125000
0 0.060059 0.602214 0.028320 0.022135
0 0.101074 0.667969 0.020508 0.031250
0 0.128906 0.674479 0.046875 0.044271
0 0.139160 0.623047 0.026367 0.027344
0 0.208008 0.613932 0.019531 0.024740
0 0.250977 0.649740 0.037109 0.028646
0 0.278320 0.729818 0.041016 0.082031
0 0.275879 0.625651 0.020508 0.011719
0 0.301758 0.679688 0.031250 0.023438
0 0.333496 0.648438 0.026367 0.026042
0 0.387695 0.618490 0.019531 0.010417
0 0.405273 0.670573 0.046875 0.046875
0 0.426270 0.612630 0.022461 0.014323
0 0.429199 0.617839 0.018555 0.014323
0 0.473145 0.671875 0.065430 0.057292
0 0.506348 0.668620 0.020508 0.014323
0 0.833496 0.650391 0.020508 0.040365
0 0.871094 0.661458 0.035156 0.023438
0 0.877930 0.647135 0.021484 0.023438