0 0.257324 0.648438 0.065430 0.085938
0 0.279297 0.587891 0.066406 0.071615
0 0.272461 0.508464 0.044922 0.079427
0 0.321289 0.680990 0.097656 0.111979
0 0.307129 0.520182 0.034180 0.061198
0 0.330566 0.620443 0.073242 0.032552
0 0.341309 0.585938 0.049805 0.062500
0 0.389648 0.607422 0.085938 0.100260
0 0.403320 0.528646 0.074219 0.072917
0 0.447266 0.524740 0.048828 0.065104
0 0.465332 0.518880 0.030273 0.058594
0 0.504883 0.570312 0.066406 0.070312
0 0.513672 0.527344 0.064453 0.041667
0 0.547852 0.614583 0.091797 0.075521
0 0.572754 0.531901 0.055664 0.058594
0 0.602539 0.589844 0.041016 0.093750
0 0.620605 0.539714 0.055664 0.058594
0 0.612305 0.566406 0.035156 0.072917
0 0.704102 0.559245 0.039062 0.058594
0 0.719238 0.531901 0.057617 0.050781
0 0.757812 0.589193 0.087891 0.082031
0 0.778320 0.528646 0.060547 0.044271
0 0.832520 0.589844 0.067383 0.078125