0 0.269043 0.392962 0.211914 0.131965
0 0.392578 0.547654 0.376953 0.309384
0 0.325684 0.297654 0.208008 0.260997
0 0.491699 0.395161 0.217773 0.159824
0 0.634766 0.554252 0.287109 0.199413
0 0.497559 0.180352 0.010742 0.023460
0 0.612793 0.318182 0.145508 0.099707
0 0.644531 0.409824 0.203125 0.130499
0 0.618164 0.268328 0.099609 0.079179
0 0.775879 0.629032 0.290039 0.278592
0 0.688477 0.285924 0.044922 0.046921
0 0.741699 0.176686 0.008789 0.010264
0 0.764160 0.177419 0.008789 0.008798
0 0.873535 0.288856 0.141602 0.087977