0 0.006836 0.262774 0.013672 0.078832
0 0.030762 0.316788 0.061523 0.049635
0 0.080566 0.666423 0.161133 0.664234
0 0.058594 0.263504 0.044922 0.068613
0 0.136230 0.260584 0.065430 0.027737
0 0.216797 0.605109 0.218750 0.544526
0 0.302246 0.297810 0.291992 0.087591
0 0.229492 0.253285 0.054688 0.048175
0 0.367676 0.569343 0.264648 0.548905
0 0.284180 0.261314 0.066406 0.029197
0 0.312988 0.244526 0.034180 0.033577
0 0.419922 0.254015 0.044922 0.026277
0 0.437012 0.284672 0.038086 0.061314
0 0.488770 0.389051 0.106445 0.205839
0 0.551758 0.324088 0.228516 0.070073
0 0.538574 0.579562 0.168945 0.467153
0 0.676270 0.673723 0.272461 0.637956
0 0.625977 0.278832 0.048828 0.049635
0 0.671387 0.287591 0.045898 0.067153
0 0.814941 0.456934 0.184570 0.359124
0 0.761230 0.272993 0.041992 0.037956
0 0.958496 0.570073 0.081055 0.439416