0 0.769531 0.654412 0.134766 0.314706
0 0.187012 0.552941 0.153320 0.232353
0 0.226074 0.574265 0.141602 0.242647
0 0.182129 0.463971 0.041992 0.072059
0 0.279297 0.647794 0.125000 0.345588
0 0.333008 0.482353 0.125000 0.097059
0 0.357422 0.698529 0.105469 0.317647
0 0.385742 0.514706 0.083984 0.111765
0 0.492676 0.722794 0.208008 0.342647
0 0.449219 0.498529 0.085938 0.108824
0 0.500488 0.551471 0.106445 0.120588
0 0.514648 0.523529 0.052734 0.114706
0 0.558105 0.505147 0.040039 0.036765
0 0.589355 0.638235 0.102539 0.255882
0 0.597656 0.502941 0.056641 0.091176
0 0.664062 0.634559 0.095703 0.289706
0 0.709961 0.603676 0.093750 0.272059