0 0.117188 0.754615 0.074219 0.143077
0 0.179688 0.756154 0.050781 0.127692
0 0.209473 0.758462 0.041992 0.120000
0 0.226074 0.752308 0.030273 0.126154
0 0.254883 0.743846 0.042969 0.140000
0 0.281250 0.763846 0.037109 0.130769
0 0.314941 0.752308 0.053711 0.123077
0 0.355469 0.769231 0.041016 0.120000
0 0.383789 0.698462 0.039062 0.033846
0 0.400391 0.769231 0.058594 0.123077
0 0.417969 0.705385 0.039062 0.047692
0 0.447266 0.748462 0.048828 0.130769
0 0.488281 0.743077 0.050781 0.135385
0 0.502930 0.740769 0.041016 0.127692
0 0.539551 0.752308 0.059570 0.156923
0 0.570801 0.756154 0.041992 0.140000
0 0.596680 0.750000 0.033203 0.121538
0 0.625488 0.745385 0.032227 0.124615