0 0.805664 0.754026 0.353516 0.491947
0 0.017090 0.428258 0.034180 0.021962
0 0.021484 0.450220 0.042969 0.054173
0 0.034180 0.539531 0.068359 0.124451
0 0.089844 0.449488 0.058594 0.052709
0 0.134766 0.465593 0.066406 0.061493
0 0.169434 0.476574 0.075195 0.062958
0 0.309570 0.479502 0.105469 0.057101
0 0.416016 0.442167 0.035156 0.052709
0 0.474121 0.448023 0.041992 0.064422
0 0.562988 0.625915 0.206055 0.171303
0 0.495117 0.546120 0.058594 0.122987
0 0.510742 0.473646 0.072266 0.068814
0 0.562012 0.463397 0.047852 0.065886
0 0.596680 0.482430 0.080078 0.071742
0 0.601074 0.473646 0.036133 0.080527
0 0.699219 0.696925 0.183594 0.301611
0 0.739258 0.576867 0.160156 0.134700
0 0.803711 0.452416 0.031250 0.046852