0 0.173340 0.396199 0.346680 0.441520
0 0.296875 0.478801 0.275391 0.419591
0 0.460938 0.437135 0.212891 0.254386
0 0.480469 0.383772 0.062500 0.086257
0 0.509277 0.402047 0.084961 0.108187
0 0.535645 0.413012 0.102539 0.124269
0 0.549805 0.415205 0.025391 0.090643
0 0.576172 0.495614 0.062500 0.078947
0 0.604492 0.452485 0.070312 0.141813
0 0.624512 0.435673 0.045898 0.102339
0 0.644531 0.440789 0.035156 0.097953
0 0.662109 0.446637 0.025391 0.071637
0 0.670898 0.437135 0.017578 0.067251
0 0.678223 0.433480 0.022461 0.045322
0 0.684570 0.437865 0.015625 0.059942
0 0.687988 0.434211 0.022461 0.052632
0 0.841797 0.442982 0.025391 0.064327
0 0.895996 0.429825 0.067383 0.157895
0 0.960938 0.472953 0.072266 0.168129