0 0.244141 0.748474 0.197266 0.119658
0 0.186523 0.490842 0.017578 0.034188
0 0.270020 0.463980 0.038086 0.039072
0 0.308105 0.460317 0.034180 0.024420
0 0.339844 0.495116 0.027344 0.028083
0 0.366699 0.493895 0.040039 0.042735
0 0.384277 0.510989 0.026367 0.040293
0 0.405273 0.534799 0.056641 0.036630
0 0.405273 0.460928 0.029297 0.025641
0 0.430664 0.511600 0.060547 0.039072
0 0.447754 0.465812 0.047852 0.035409
0 0.451172 0.527473 0.039062 0.046398
0 0.479492 0.507937 0.037109 0.048840
0 0.490234 0.534799 0.054688 0.070818
0 0.535156 0.531746 0.056641 0.062271
0 0.539551 0.507326 0.041992 0.032967
0 0.563477 0.451770 0.017578 0.029304
0 0.586914 0.550672 0.064453 0.073260
0 0.583984 0.451770 0.019531 0.031746
0 0.612793 0.452991 0.018555 0.034188
0 0.628418 0.451160 0.014648 0.028083
0 0.682617 0.552503 0.085938 0.076923
0 0.694824 0.673993 0.090820 0.173382
0 0.676758 0.448718 0.035156 0.035409
0 0.689453 0.478022 0.035156 0.067155
0 0.707520 0.446276 0.026367 0.030525
0 0.750488 0.568376 0.073242 0.103785
0 0.785156 0.471917 0.042969 0.069597