0 0.071289 0.147135 0.142578 0.221354
0 0.074219 0.037109 0.148438 0.069010
0 0.082031 0.453776 0.164062 0.350260
0 0.341309 0.422526 0.682617 0.339844
0 0.437012 0.837240 0.874023 0.322917
0 0.250488 0.901042 0.500977 0.195312
0 0.200684 0.050781 0.288086 0.101562
0 0.248535 0.154948 0.331055 0.231771
0 0.575684 0.662109 0.846680 0.347656
0 0.439453 0.302734 0.542969 0.365885
0 0.582520 0.119792 0.493164 0.192708
0 0.614258 0.210286 0.476562 0.253906
0 0.641113 0.087891 0.352539 0.147135
0 0.798828 0.070964 0.400391 0.141927
0 0.823242 0.416016 0.351562 0.248698
0 0.894043 0.873047 0.209961 0.251302