0 0.690104 0.468750 0.111979 0.117188
0 0.202474 0.445312 0.066406 0.059896
0 0.434896 0.426432 0.028646 0.022135
0 0.449870 0.422526 0.011719 0.019531
0 0.514974 0.425781 0.016927 0.020833
0 0.606771 0.416016 0.015625 0.009115
0 0.658854 0.458984 0.036458 0.063802
0 0.662109 0.421875 0.029948 0.010417
0 0.705078 0.414062 0.029948 0.013021
0 0.787109 0.412109 0.011719 0.009115
0 0.800781 0.415365 0.015625 0.010417
0 0.827474 0.423177 0.024740 0.015625
0 0.833984 0.413411 0.011719 0.006510
0 0.878255 0.422526 0.011719 0.014323
0 0.899740 0.416016 0.010417 0.011719
0 0.936198 0.422526 0.031250 0.019531