0 0.690918 0.732456 0.168945 0.187135
0 0.110840 0.726608 0.118164 0.131579
0 0.076172 0.615497 0.023438 0.023392
0 0.101074 0.627193 0.041992 0.038012
0 0.253418 0.704678 0.161133 0.119883
0 0.291016 0.630848 0.052734 0.042398
0 0.374023 0.602339 0.033203 0.043860
0 0.399902 0.611842 0.032227 0.059942
0 0.469727 0.701023 0.089844 0.097953
0 0.501465 0.720029 0.102539 0.121345
0 0.525879 0.605994 0.043945 0.030702
0 0.615723 0.681287 0.061523 0.087719
0 0.833496 0.714181 0.102539 0.138889
0 0.899902 0.763158 0.168945 0.169591
0 0.974609 0.665936 0.048828 0.089181