0 0.023926 0.475911 0.047852 0.076823
0 0.046387 0.537760 0.083008 0.169271
0 0.125488 0.533203 0.049805 0.154948
0 0.179199 0.552083 0.137695 0.179688
0 0.162109 0.438802 0.091797 0.028646
0 0.169922 0.457031 0.080078 0.039062
0 0.319824 0.541016 0.147461 0.186198
0 0.303711 0.461589 0.093750 0.040365
0 0.364258 0.453125 0.044922 0.041667
0 0.438477 0.503255 0.080078 0.136719
0 0.510742 0.471354 0.095703 0.067708
0 0.483398 0.391276 0.025391 0.040365
0 0.596680 0.402995 0.044922 0.045573
0 0.629395 0.476562 0.084961 0.106771
0 0.694824 0.465495 0.036133 0.079427
0 0.718262 0.369141 0.059570 0.048177
0 0.770020 0.320964 0.022461 0.045573
0 0.921875 0.280599 0.035156 0.042969
0 0.928223 0.395833 0.030273 0.057292