0 0.053223 0.567747 0.020508 0.039764
0 0.079590 0.569219 0.020508 0.039764
0 0.106445 0.568483 0.029297 0.026510
0 0.143555 0.570692 0.021484 0.033873
0 0.251465 0.577320 0.024414 0.038292
0 0.299805 0.577320 0.017578 0.032401
0 0.321289 0.594993 0.029297 0.050074
0 0.355469 0.601620 0.027344 0.036819
0 0.369141 0.581001 0.013672 0.016200
0 0.383301 0.597938 0.020508 0.044183
0 0.435547 0.597202 0.027344 0.054492
0 0.486816 0.578792 0.022461 0.041237
0 0.545410 0.589838 0.022461 0.033873
0 0.557129 0.600884 0.038086 0.047128
0 0.588867 0.592784 0.011719 0.027982
0 0.625977 0.637703 0.044922 0.061856
0 0.671387 0.603093 0.041992 0.042710
0 0.710449 0.610457 0.026367 0.042710
0 0.759277 0.606775 0.022461 0.035346
0 0.833008 0.605302 0.031250 0.041237
0 0.891113 0.609720 0.018555 0.032401