0 0.652832 0.817708 0.215820 0.234375
0 0.033691 0.579427 0.036133 0.031250
0 0.077148 0.604167 0.042969 0.023438
0 0.161133 0.600911 0.021484 0.027344
0 0.189941 0.636068 0.040039 0.069010
0 0.216797 0.637370 0.029297 0.024740
0 0.283691 0.641927 0.053711 0.028646
0 0.371582 0.628906 0.040039 0.041667
0 0.414062 0.718099 0.093750 0.126302
0 0.384277 0.622396 0.032227 0.031250
0 0.459473 0.722005 0.079102 0.115885
0 0.461914 0.658854 0.042969 0.031250
0 0.525879 0.748698 0.083008 0.132812
0 0.579590 0.710938 0.069336 0.072917
0 0.667969 0.699219 0.111328 0.070312
0 0.665039 0.733073 0.099609 0.070312
0 0.705566 0.682943 0.067383 0.058594
0 0.923828 0.800130 0.089844 0.058594
0 0.977539 0.813151 0.042969 0.128906