0 0.219238 0.548358 0.059570 0.096715
0 0.077637 0.546533 0.020508 0.016423
0 0.098145 0.541971 0.018555 0.032847
0 0.118652 0.539234 0.012695 0.027372
0 0.143555 0.533759 0.021484 0.023723
0 0.160645 0.548358 0.014648 0.012774
0 0.174805 0.541971 0.017578 0.032847
0 0.282715 0.591241 0.063477 0.047445
0 0.289551 0.630474 0.049805 0.056569
0 0.292969 0.564781 0.044922 0.034672
0 0.334473 0.567518 0.030273 0.029197
0 0.357422 0.574818 0.031250 0.043796
0 0.426270 0.588504 0.053711 0.114964
0 0.489258 0.561131 0.031250 0.027372
0 0.530273 0.573905 0.046875 0.031022
0 0.553223 0.561131 0.061523 0.038321
0 0.623047 0.591241 0.066406 0.043796
0 0.625488 0.566606 0.063477 0.041971
0 0.670898 0.569343 0.029297 0.029197
0 0.776367 0.593066 0.046875 0.047445
0 0.912109 0.595803 0.050781 0.085766