0 0.233398 0.651537 0.304688 0.693997
0 0.107910 0.450220 0.043945 0.048316
0 0.164062 0.311859 0.072266 0.049780
0 0.164062 0.346266 0.072266 0.115666
0 0.139648 0.370425 0.015625 0.061493
0 0.196777 0.336018 0.090820 0.095168
0 0.351074 0.366032 0.151367 0.155198
0 0.403809 0.415081 0.055664 0.071742
0 0.446289 0.394583 0.074219 0.174231
0 0.499512 0.391654 0.069336 0.060029
0 0.506348 0.368960 0.049805 0.035139
0 0.515137 0.407028 0.047852 0.043924
0 0.561523 0.344070 0.064453 0.120059
0 0.669922 0.451684 0.050781 0.153734