0 0.124512 0.628389 0.020508 0.073365
0 0.238281 0.587719 0.052734 0.049442
0 0.241211 0.609250 0.039062 0.054226
0 0.233398 0.556619 0.005859 0.025518
0 0.242676 0.555821 0.010742 0.020734
0 0.255859 0.574163 0.021484 0.038278
0 0.260254 0.545455 0.020508 0.012759
0 0.277832 0.579745 0.032227 0.039872
0 0.277832 0.551834 0.008789 0.009569
0 0.285645 0.547049 0.010742 0.019139
0 0.293945 0.567783 0.015625 0.028708
0 0.305176 0.551834 0.006836 0.022329
0 0.321289 0.555024 0.023438 0.028708
0 0.346191 0.550239 0.022461 0.025518
0 0.361816 0.569378 0.022461 0.041467
0 0.370605 0.568581 0.012695 0.039872
0 0.412598 0.550239 0.008789 0.009569
0 0.434082 0.537480 0.016602 0.025518
0 0.515137 0.544657 0.008789 0.036683
0 0.548828 0.625199 0.019531 0.057416
0 0.576660 0.655502 0.034180 0.105263
0 0.630859 0.622010 0.027344 0.066986
0 0.739258 0.511962 0.019531 0.035088
0 0.810547 0.621212 0.027344 0.100478
0 0.876953 0.653110 0.085938 0.113238
0 0.937500 0.561404 0.041016 0.060606