0 0.433594 0.702861 0.134766 0.159948
0 0.048828 0.566320 0.046875 0.079324
0 0.266113 0.566320 0.079102 0.079324
0 0.354980 0.579324 0.051758 0.076723
0 0.386230 0.569571 0.038086 0.072822
0 0.415527 0.581274 0.030273 0.067620
0 0.454102 0.590377 0.066406 0.083225
0 0.559082 0.719116 0.124023 0.114434
0 0.557129 0.568921 0.069336 0.053316
0 0.553711 0.585176 0.041016 0.088427
0 0.637207 0.559168 0.032227 0.044213
0 0.671875 0.565020 0.046875 0.058518
0 0.738770 0.562419 0.038086 0.061118
0 0.773438 0.578674 0.062500 0.072822
0 0.806641 0.565020 0.062500 0.063719
0 0.968750 0.676203 0.060547 0.166450