0 0.804688 0.554990 0.130859 0.177189
0 0.061035 0.595723 0.053711 0.079430
0 0.089355 0.598778 0.069336 0.077393
0 0.125488 0.602851 0.071289 0.097760
0 0.152832 0.588595 0.067383 0.097760
0 0.227051 0.590631 0.079102 0.101833
0 0.257812 0.602851 0.060547 0.101833
0 0.317871 0.583503 0.075195 0.091650
0 0.313965 0.513238 0.049805 0.065173
0 0.332031 0.602851 0.070312 0.101833
0 0.388672 0.577393 0.066406 0.128310
0 0.418457 0.592668 0.083008 0.109980
0 0.551270 0.565173 0.069336 0.083503
0 0.571777 0.574338 0.071289 0.089613
0 0.638184 0.564155 0.124023 0.138493
0 0.866211 0.582485 0.058594 0.057026
0 0.928223 0.545825 0.122070 0.138493
0 0.913086 0.571283 0.082031 0.103870