0 0.136719 0.641286 0.080078 0.087986
0 0.164551 0.721658 0.065430 0.089679
0 0.188965 0.662437 0.041992 0.055838
0 0.202148 0.619289 0.056641 0.030457
0 0.210938 0.732657 0.023438 0.084602
0 0.218262 0.669205 0.038086 0.055838
0 0.261719 0.735195 0.080078 0.106599
0 0.250488 0.674281 0.045898 0.032149
0 0.307129 0.670051 0.045898 0.030457
0 0.313477 0.692893 0.033203 0.021997
0 0.340332 0.756345 0.077148 0.098139
0 0.332520 0.670051 0.022461 0.030457
0 0.368164 0.697970 0.044922 0.052453
0 0.373047 0.664129 0.048828 0.072758
0 0.393066 0.773266 0.063477 0.077834
0 0.448730 0.725888 0.040039 0.071066
0 0.493652 0.732657 0.059570 0.084602
0 0.492676 0.747885 0.049805 0.081218
0 0.518066 0.658206 0.047852 0.060914
0 0.546875 0.771574 0.046875 0.064298
0 0.567383 0.783418 0.027344 0.057530
0 0.589355 0.804569 0.036133 0.082910
0 0.602051 0.754653 0.036133 0.030457
0 0.629883 0.818951 0.066406 0.087986
0 0.632324 0.682741 0.061523 0.059222
0 0.650879 0.751269 0.071289 0.074450
0 0.635742 0.637056 0.025391 0.028765
0 0.643555 0.773266 0.037109 0.030457
0 0.660156 0.627750 0.029297 0.016920
0 0.685547 0.658206 0.076172 0.077834
0 0.672363 0.824873 0.036133 0.082910
0 0.687500 0.695431 0.021484 0.030457
0 0.695312 0.779188 0.033203 0.065990
0 0.703613 0.785956 0.043945 0.059222
0 0.732422 0.661591 0.050781 0.054146
0 0.739258 0.767343 0.058594 0.072758
0 0.787109 0.655668 0.054688 0.059222
0 0.798340 0.644670 0.038086 0.050761
0 0.823242 0.638748 0.025391 0.059222
0 0.837891 0.643824 0.035156 0.055838