0 0.044434 0.431548 0.038086 0.047619
0 0.134277 0.593750 0.112305 0.241071
0 0.096680 0.425595 0.035156 0.035714
0 0.110840 0.447917 0.059570 0.044643
0 0.202637 0.492560 0.069336 0.047619
0 0.281738 0.594494 0.165039 0.260417
0 0.263184 0.445685 0.041992 0.049107
0 0.347656 0.447917 0.023438 0.053571
0 0.386719 0.460565 0.023438 0.049107
0 0.438477 0.447917 0.031250 0.053571
0 0.584961 0.622768 0.281250 0.343750
0 0.466309 0.445685 0.024414 0.049107
0 0.757324 0.468750 0.481445 0.095238
0 0.853027 0.595982 0.268555 0.263393