0 0.143066 0.686542 0.178711 0.245315
0 0.044434 0.752981 0.045898 0.061329
0 0.428711 0.306644 0.599609 0.432709
0 0.348633 0.419932 0.111328 0.148211
0 0.329590 0.742760 0.065430 0.078365
0 0.392090 0.755537 0.049805 0.045997
0 0.429199 0.293015 0.120117 0.224872
0 0.459473 0.385009 0.083008 0.262351
0 0.458496 0.744463 0.057617 0.071550
0 0.525879 0.422487 0.079102 0.166951
0 0.512695 0.752981 0.042969 0.044293
0 0.540527 0.372232 0.098633 0.223169
0 0.604492 0.316865 0.150391 0.194208
0 0.605469 0.377342 0.125000 0.134583
0 0.576660 0.740204 0.053711 0.083475
0 0.623535 0.753833 0.026367 0.049404
0 0.685547 0.741056 0.070312 0.074957
0 0.748047 0.753833 0.052734 0.042589
0 0.838867 0.445486 0.115234 0.212947
0 0.816406 0.739353 0.052734 0.071550
0 0.874023 0.747871 0.037109 0.047700
0 0.933105 0.736797 0.053711 0.076661
0 0.984375 0.741908 0.021484 0.052811