0 0.041504 0.570312 0.083008 0.143229
0 0.062500 0.530599 0.125000 0.160156
0 0.140137 0.537760 0.141602 0.187500
0 0.210449 0.562500 0.151367 0.140625
0 0.278809 0.549479 0.194336 0.169271
0 0.375000 0.533203 0.167969 0.147135
0 0.469727 0.513021 0.171875 0.161458
0 0.475098 0.548177 0.170898 0.143229
0 0.612793 0.517578 0.139648 0.180990
0 0.645020 0.567708 0.172852 0.151042
0 0.754883 0.531901 0.169922 0.162760
0 0.780273 0.508464 0.091797 0.128906
0 0.897949 0.524089 0.129883 0.160156
0 0.905273 0.434896 0.132812 0.065104
0 0.967285 0.511068 0.063477 0.079427