0 0.084961 0.396484 0.169922 0.113281
0 0.121094 0.733073 0.242188 0.531250
0 0.321289 0.641927 0.642578 0.713542
0 0.090820 0.444661 0.181641 0.108073
0 0.111816 0.356120 0.161133 0.058594
0 0.251465 0.494141 0.256836 0.295573
0 0.260254 0.672526 0.211914 0.555990
0 0.253418 0.325521 0.083008 0.070312
0 0.317871 0.338542 0.053711 0.033854
0 0.429199 0.613932 0.200195 0.600260
0 0.468262 0.332031 0.149414 0.067708
0 0.577148 0.458984 0.130859 0.240885
0 0.570312 0.541667 0.111328 0.348958
0 0.907227 0.430339 0.183594 0.300781