0 0.357422 0.807467 0.083984 0.159590
0 0.068848 0.661786 0.041992 0.049780
0 0.098145 0.725476 0.081055 0.103953
0 0.116699 0.755490 0.043945 0.096633
0 0.108887 0.663250 0.024414 0.026354
0 0.136230 0.666179 0.026367 0.029283
0 0.187988 0.751098 0.106445 0.120059
0 0.164551 0.679356 0.032227 0.038067
0 0.205566 0.673499 0.040039 0.046852
0 0.243652 0.773792 0.098633 0.142020
0 0.271973 0.674231 0.051758 0.048316
0 0.308594 0.721816 0.064453 0.108346
0 0.325684 0.688141 0.047852 0.061493
0 0.422852 0.685944 0.044922 0.077599
0 0.503906 0.711567 0.054688 0.087848
0 0.545898 0.727672 0.097656 0.093704
0 0.625977 0.758419 0.173828 0.122987
0 0.640137 0.681552 0.055664 0.033675
0 0.669922 0.783309 0.064453 0.140556
0 0.759277 0.816252 0.088867 0.162518
0 0.750000 0.708638 0.044922 0.052709
0 0.811035 0.711567 0.030273 0.076135
0 0.841797 0.814788 0.052734 0.115666
0 0.840332 0.718155 0.040039 0.074671
0 0.865234 0.725476 0.052734 0.074671
0 0.950195 0.794290 0.074219 0.086384
0 0.971191 0.711567 0.045898 0.076135
0 0.982910 0.806003 0.032227 0.112738
0 0.987305 0.713763 0.023438 0.062958