0 0.017090 0.403650 0.034180 0.039416
0 0.033203 0.420438 0.066406 0.043796
0 0.062500 0.643796 0.125000 0.157664
0 0.054688 0.347445 0.095703 0.084672
0 0.042480 0.475182 0.069336 0.065693
0 0.038574 0.531387 0.053711 0.072993
0 0.199707 0.147445 0.348633 0.105109
0 0.093262 0.508759 0.059570 0.106569
0 0.131348 0.409489 0.098633 0.094891
0 0.144043 0.305839 0.096680 0.056934
0 0.141602 0.544526 0.085938 0.075912
0 0.136230 0.461314 0.057617 0.093431
0 0.184570 0.532117 0.109375 0.080292
0 0.187988 0.294891 0.084961 0.061314
0 0.177734 0.444526 0.056641 0.097810
0 0.212891 0.444526 0.062500 0.094891
0 0.342773 0.648905 0.257812 0.074453
0 0.245117 0.383212 0.054688 0.091971
0 0.330566 0.798540 0.204102 0.201460
0 0.354004 0.608029 0.229492 0.042336
0 0.270508 0.388321 0.058594 0.078832
0 0.283203 0.235036 0.082031 0.081752
0 0.294922 0.186131 0.044922 0.030657
0 0.384277 0.718248 0.194336 0.099270
0 0.312500 0.327007 0.046875 0.070073
0 0.382812 0.570073 0.187500 0.056934
0 0.384277 0.546715 0.186523 0.062774
0 0.315430 0.382482 0.041016 0.064234
0 0.355469 0.302920 0.039062 0.077372
0 0.354492 0.151095 0.029297 0.033577
0 0.363770 0.374453 0.045898 0.065693
0 0.364746 0.198540 0.041992 0.052555
0 0.436035 0.511679 0.168945 0.036496
0 0.391113 0.355474 0.053711 0.062774
0 0.388184 0.144526 0.043945 0.070073
0 0.450684 0.480292 0.168945 0.055474
0 0.407227 0.346715 0.072266 0.074453
0 0.417480 0.102190 0.036133 0.049635
0 0.425781 0.150365 0.039062 0.087591
0 0.449707 0.445255 0.086914 0.035036
0 0.446289 0.100730 0.033203 0.032117
0 0.457031 0.137226 0.029297 0.058394
0 0.484375 0.384672 0.072266 0.109489
0 0.496582 0.668613 0.088867 0.090511
0 0.564453 0.184672 0.220703 0.185401
0 0.480469 0.091971 0.033203 0.037956
0 0.536621 0.524088 0.135742 0.148905
0 0.533203 0.591971 0.113281 0.106569
0 0.513184 0.093431 0.032227 0.032117
0 0.578613 0.421168 0.137695 0.094891
0 0.595215 0.344526 0.147461 0.081752
0 0.585938 0.305839 0.126953 0.024818
0 0.630859 0.691971 0.091797 0.186861
0 0.687500 0.200730 0.126953 0.124088
0 0.706055 0.766423 0.138672 0.122628
0 0.722168 0.676642 0.135742 0.249635
0 0.754883 0.539416 0.173828 0.056934
0 0.744629 0.450365 0.083008 0.109489
0 0.775391 0.600000 0.128906 0.067153
0 0.747559 0.203650 0.055664 0.121168
0 0.787109 0.489051 0.119141 0.072993
0 0.793457 0.375912 0.104492 0.059854
0 0.869141 0.790511 0.236328 0.401460
0 0.844238 0.432847 0.143555 0.094891
0 0.892578 0.397810 0.144531 0.062774
0 0.869141 0.541606 0.085938 0.108029
0 0.902832 0.583212 0.135742 0.129927
0 0.909180 0.220438 0.142578 0.181022
0 0.925293 0.464964 0.075195 0.115328
0 0.962402 0.501460 0.053711 0.150365