0 0.115723 0.511719 0.051758 0.044271
0 0.220703 0.520182 0.046875 0.045573
0 0.311035 0.506510 0.010742 0.013021
0 0.327148 0.522786 0.042969 0.027344
0 0.358398 0.508464 0.023438 0.027344
0 0.430664 0.522786 0.068359 0.037760
0 0.415039 0.506510 0.021484 0.020833
0 0.441406 0.501302 0.033203 0.010417
0 0.485840 0.506510 0.038086 0.020833
0 0.540039 0.506510 0.068359 0.059896
0 0.577637 0.509115 0.022461 0.026042
0 0.612305 0.518229 0.039062 0.036458
0 0.714355 0.513672 0.073242 0.063802
0 0.781250 0.513672 0.080078 0.069010
0 0.828125 0.520182 0.054688 0.069010
0 0.886719 0.526693 0.062500 0.050781