0 0.114746 0.746154 0.172852 0.192308
0 0.165527 0.724038 0.065430 0.175000
0 0.265137 0.728846 0.120117 0.146154
0 0.272949 0.815385 0.049805 0.188462
0 0.339355 0.769231 0.051758 0.196154
0 0.333496 0.668269 0.032227 0.044231
0 0.400879 0.765385 0.055664 0.088462
0 0.436523 0.754808 0.033203 0.063462
0 0.479492 0.712500 0.062500 0.113462
0 0.530762 0.746154 0.100586 0.130769
0 0.635742 0.773077 0.140625 0.200000
0 0.708496 0.745192 0.088867 0.159615
0 0.673340 0.553846 0.010742 0.026923
0 0.750000 0.688462 0.054688 0.076923
0 0.795410 0.750962 0.116211 0.159615
0 0.772949 0.540385 0.016602 0.019231
0 0.828125 0.543269 0.080078 0.036538
0 0.920410 0.777885 0.157227 0.182692
0 0.924805 0.549038 0.052734 0.036538