0 0.856445 0.571742 0.162109 0.162518
0 0.028320 0.581991 0.056641 0.083455
0 0.205566 0.611274 0.079102 0.092240
0 0.323242 0.547584 0.248047 0.248902
0 0.304199 0.609078 0.057617 0.081991
0 0.444336 0.553441 0.017578 0.046852
0 0.479980 0.635432 0.088867 0.096633
0 0.658203 0.584187 0.054688 0.055637
0 0.712402 0.519766 0.073242 0.090776
0 0.705078 0.592972 0.046875 0.035139
0 0.757812 0.591508 0.041016 0.043924
0 0.796875 0.732064 0.062500 0.117130
0 0.793945 0.599561 0.037109 0.042460
0 0.834961 0.778917 0.107422 0.134700