0 0.138672 0.476540 0.150391 0.164223
0 0.003418 0.422287 0.006836 0.090909
0 0.017090 0.543988 0.034180 0.131965
0 0.069824 0.463343 0.116211 0.120235
0 0.127441 0.101906 0.024414 0.027859
0 0.151855 0.153959 0.022461 0.049853
0 0.180176 0.109971 0.030273 0.023460
0 0.228516 0.197214 0.031250 0.045455
0 0.329102 0.560117 0.105469 0.164223
0 0.345215 0.627566 0.137695 0.167155
0 0.379395 0.476540 0.137695 0.123167
0 0.368164 0.460411 0.062500 0.131965
0 0.431641 0.369501 0.074219 0.105572
0 0.586914 0.604839 0.140625 0.159824
0 0.607422 0.423754 0.042969 0.108504
0 0.696289 0.665689 0.123047 0.187683
0 0.757812 0.405425 0.054688 0.098240
0 0.803223 0.511730 0.090820 0.140762
0 0.845215 0.587243 0.149414 0.151026
0 0.792969 0.081378 0.017578 0.013196
0 0.818848 0.316716 0.059570 0.067449
0 0.853516 0.099707 0.019531 0.029326
0 0.878906 0.467742 0.046875 0.105572
0 0.872559 0.185484 0.028320 0.042522
0 0.882812 0.080645 0.017578 0.020528