0 0.062500 0.768229 0.125000 0.355903
0 0.177246 0.745660 0.149414 0.255208
0 0.180664 0.592882 0.074219 0.032986
0 0.268066 0.728299 0.084961 0.182292
0 0.320312 0.704861 0.068359 0.156250
0 0.431152 0.643229 0.024414 0.067708
0 0.447266 0.629340 0.021484 0.050347
0 0.458008 0.617188 0.017578 0.043403
0 0.468750 0.609375 0.013672 0.038194
0 0.607422 0.605903 0.005859 0.024306
0 0.614258 0.617188 0.007812 0.026042
0 0.628906 0.627604 0.011719 0.026042
0 0.642578 0.621528 0.015625 0.024306
0 0.651367 0.614583 0.009766 0.024306
0 0.655273 0.651042 0.013672 0.024306
0 0.686523 0.668403 0.019531 0.059028
0 0.710449 0.651910 0.026367 0.050347
0 0.820312 0.629340 0.140625 0.036458
0 0.863770 0.703125 0.145508 0.111111
0 0.875488 0.722222 0.053711 0.090278
0 0.937012 0.751736 0.124023 0.180556