0 0.220215 0.035445 0.440430 0.070890
0 0.245117 0.499246 0.490234 0.998492
0 0.195801 0.016591 0.069336 0.033183
0 0.506836 0.588989 0.464844 0.819005
0 0.397461 0.075415 0.062500 0.063348
0 0.438477 0.153092 0.138672 0.215686
0 0.466797 0.110106 0.056641 0.078431
0 0.532227 0.181750 0.050781 0.046757
0 0.777832 0.581448 0.442383 0.834087
0 0.629395 0.173454 0.124023 0.048265
0 0.611328 0.156109 0.068359 0.031674
0 0.645020 0.206637 0.094727 0.081448
0 0.832520 0.857466 0.333008 0.282051
0 0.888672 0.187783 0.189453 0.113122
0 0.939453 0.855204 0.119141 0.286576