0 0.145508 0.668620 0.044922 0.027344
0 0.194824 0.653646 0.057617 0.054688
0 0.274902 0.653646 0.032227 0.041667
0 0.401367 0.682292 0.025391 0.041667
0 0.467773 0.672526 0.046875 0.055990
0 0.462891 0.634766 0.033203 0.042969
0 0.459473 0.686198 0.020508 0.054688
0 0.508789 0.643229 0.046875 0.052083
0 0.518555 0.663411 0.035156 0.061198
0 0.571289 0.638672 0.052734 0.053385
0 0.598145 0.657552 0.053711 0.059896
0 0.690430 0.638021 0.046875 0.052083
0 0.753418 0.618490 0.055664 0.057292
0 0.869141 0.607422 0.060547 0.053385