0 0.023926 0.486328 0.014648 0.009115
0 0.055176 0.503255 0.026367 0.014323
0 0.171387 0.600911 0.073242 0.097656
0 0.147949 0.520182 0.020508 0.032552
0 0.175293 0.544271 0.067383 0.031250
0 0.163086 0.514323 0.017578 0.020833
0 0.191406 0.474609 0.013672 0.011719
0 0.205566 0.472005 0.008789 0.014323
0 0.238770 0.518880 0.036133 0.029948
0 0.231445 0.472656 0.019531 0.007812
0 0.359863 0.615234 0.061523 0.092448
0 0.338867 0.480469 0.009766 0.018229
0 0.457031 0.598958 0.054688 0.083333
0 0.465820 0.531250 0.037109 0.036458
0 0.537598 0.564453 0.069336 0.045573
0 0.788086 0.576172 0.080078 0.050781
0 0.873047 0.589193 0.095703 0.066406