0 0.024902 0.610204 0.049805 0.142857
0 0.049805 0.729592 0.099609 0.312245
0 0.099609 0.705102 0.082031 0.348980
0 0.136719 0.555102 0.048828 0.044898
0 0.207031 0.745918 0.154297 0.344898
0 0.159180 0.719388 0.039062 0.320408
0 0.288574 0.736735 0.147461 0.379592
0 0.402344 0.719388 0.085938 0.397959
0 0.451172 0.718367 0.068359 0.342857
0 0.512207 0.718367 0.100586 0.379592
0 0.550293 0.734694 0.075195 0.322449
0 0.612793 0.710204 0.081055 0.355102
0 0.668945 0.714286 0.078125 0.334694
0 0.742188 0.735714 0.103516 0.373469
0 0.766602 0.563265 0.035156 0.065306
0 0.823242 0.729592 0.103516 0.385714
0 0.880371 0.722449 0.094727 0.351020
0 0.948242 0.729592 0.095703 0.365306