0 0.421387 0.447917 0.108398 0.164062
0 0.213379 0.432943 0.083008 0.123698
0 0.273438 0.453125 0.097656 0.132812
0 0.387695 0.430990 0.056641 0.111979
0 0.451660 0.395833 0.067383 0.057292
0 0.541016 0.423177 0.056641 0.106771
0 0.576172 0.449870 0.072266 0.102865
0 0.661133 0.470703 0.072266 0.136719
0 0.672852 0.324870 0.039062 0.053385
0 0.778320 0.456380 0.056641 0.123698
0 0.783691 0.392578 0.041992 0.042969
0 0.790039 0.329427 0.033203 0.033854
0 0.790039 0.357422 0.029297 0.042969
0 0.810059 0.317057 0.047852 0.066406
0 0.812500 0.361328 0.027344 0.074219
0 0.944824 0.394531 0.073242 0.093750
0 0.924805 0.324219 0.027344 0.052083
0 0.944824 0.351562 0.026367 0.023438
0 0.981934 0.384766 0.030273 0.058594