0 0.097656 0.438151 0.105469 0.131510
0 0.183594 0.395833 0.021484 0.020833
0 0.196777 0.461589 0.040039 0.139323
0 0.203613 0.432943 0.028320 0.102865
0 0.257324 0.379557 0.133789 0.055990
0 0.215820 0.384115 0.015625 0.018229
0 0.251465 0.391276 0.024414 0.055990
0 0.334961 0.483073 0.156250 0.197917
0 0.295410 0.369141 0.069336 0.045573
0 0.313477 0.385417 0.023438 0.036458
0 0.325684 0.373698 0.004883 0.028646
0 0.356445 0.369792 0.015625 0.031250
0 0.420898 0.479167 0.101562 0.171875
0 0.576660 0.519531 0.348633 0.270833