0 0.384766 0.324219 0.111328 0.122396
0 0.003418 0.199870 0.006836 0.016927
0 0.078613 0.212240 0.008789 0.026042
0 0.110352 0.232422 0.025391 0.040365
0 0.134766 0.285156 0.048828 0.039062
0 0.143066 0.261068 0.036133 0.022135
0 0.153809 0.281901 0.045898 0.037760
0 0.204102 0.287760 0.037109 0.028646
0 0.221191 0.280599 0.026367 0.048177
0 0.292480 0.328125 0.036133 0.052083
0 0.301758 0.291667 0.021484 0.020833
0 0.307617 0.255859 0.021484 0.035156
0 0.353516 0.289062 0.044922 0.023438
0 0.379883 0.282552 0.050781 0.031250
0 0.571289 0.345052 0.070312 0.093750
0 0.752930 0.250000 0.044922 0.036458
0 0.925293 0.334635 0.141602 0.106771
0 0.934082 0.279948 0.040039 0.023438
0 0.949219 0.212240 0.023438 0.028646