0 0.077637 0.323572 0.155273 0.336750
0 0.077637 0.363836 0.155273 0.200586
0 0.059082 0.356515 0.116211 0.226940
0 0.138184 0.324305 0.106445 0.294290
0 0.195801 0.368960 0.163086 0.237189
0 0.218750 0.349195 0.062500 0.229868
0 0.401367 0.318448 0.265625 0.311859
0 0.385254 0.357980 0.176758 0.247438
0 0.359375 0.413616 0.078125 0.092240
0 0.687988 0.315520 0.297852 0.308931
0 0.630859 0.409956 0.070312 0.122987
0 0.744629 0.318448 0.079102 0.323572
0 0.840332 0.343338 0.235352 0.303075
0 0.879883 0.372621 0.070312 0.244510
0 0.948242 0.365300 0.101562 0.259151
0 0.965332 0.399707 0.067383 0.207906