0 0.025391 0.431641 0.050781 0.256510
0 0.063477 0.406250 0.072266 0.281250
0 0.095703 0.428385 0.070312 0.263021
0 0.179199 0.429688 0.112305 0.286458
0 0.248047 0.375000 0.078125 0.260417
0 0.270020 0.422526 0.118164 0.300781
0 0.253418 0.266927 0.051758 0.052083
0 0.332520 0.420573 0.137695 0.320312
0 0.422363 0.410807 0.157227 0.319010
0 0.510254 0.406250 0.143555 0.289062
0 0.624023 0.401693 0.126953 0.337240
0 0.710449 0.369141 0.106445 0.272135
0 0.784180 0.369141 0.146484 0.298177
0 0.797852 0.325521 0.150391 0.281250
0 0.920410 0.351562 0.135742 0.341146
0 0.886230 0.346354 0.057617 0.302083
0 0.931641 0.317057 0.132812 0.269531
0 0.977539 0.223307 0.041016 0.082031