0 0.021484 0.653285 0.042969 0.048175
0 0.077148 0.635036 0.039062 0.035036
0 0.132324 0.618248 0.065430 0.030657
0 0.229980 0.608759 0.065430 0.032117
0 0.243164 0.572263 0.060547 0.043796
0 0.384277 0.529197 0.026367 0.042336
0 0.421875 0.532117 0.021484 0.021898
0 0.441406 0.527007 0.019531 0.020438
0 0.453613 0.535766 0.043945 0.026277
0 0.467773 0.555474 0.041016 0.033577
0 0.489746 0.622628 0.075195 0.059854
0 0.488770 0.518978 0.043945 0.048175
0 0.542480 0.551825 0.092773 0.075912
0 0.546875 0.621168 0.093750 0.083212
0 0.526367 0.515328 0.023438 0.017518
0 0.549805 0.510949 0.021484 0.017518
0 0.572754 0.513869 0.030273 0.037956
0 0.596680 0.518978 0.017578 0.018978
0 0.664062 0.642336 0.123047 0.102190
0 0.622070 0.543796 0.037109 0.027737
0 0.645020 0.575182 0.043945 0.035036
0 0.663086 0.556204 0.035156 0.029197
0 0.685059 0.578832 0.036133 0.033577
0 0.689941 0.608029 0.040039 0.036496
0 0.729004 0.601460 0.049805 0.037956
0 0.940430 0.698540 0.031250 0.030657