0 0.034180 0.671303 0.052734 0.065886
0 0.080078 0.683016 0.033203 0.083455
0 0.111328 0.693997 0.072266 0.105417
0 0.236816 0.690337 0.077148 0.098097
0 0.292480 0.685944 0.053711 0.103953
0 0.374023 0.713031 0.085938 0.061493
0 0.405762 0.700586 0.143555 0.139092
0 0.541504 0.692533 0.141602 0.140556
0 0.579590 0.729136 0.079102 0.049780
0 0.646484 0.707906 0.056641 0.048316
0 0.691406 0.665447 0.091797 0.057101
0 0.717773 0.728404 0.144531 0.080527
0 0.792969 0.681552 0.070312 0.103953
0 0.898438 0.704246 0.076172 0.046852
0 0.980469 0.720351 0.037109 0.067350