0 0.939453 0.513025 0.095703 0.180897
0 0.087891 0.489146 0.058594 0.115774
0 0.183105 0.507236 0.061523 0.137482
0 0.244629 0.487699 0.055664 0.118669
0 0.361816 0.468162 0.065430 0.111433
0 0.355469 0.504342 0.039062 0.099855
0 0.369141 0.507236 0.050781 0.073806
0 0.405762 0.489870 0.069336 0.143271
0 0.443848 0.499276 0.038086 0.115774
0 0.479492 0.526049 0.056641 0.146165
0 0.520020 0.489870 0.061523 0.178003
0 0.589355 0.484805 0.088867 0.167873
0 0.611328 0.514472 0.105469 0.166425
0 0.643066 0.443560 0.036133 0.030391
0 0.666992 0.503618 0.037109 0.127352
0 0.726074 0.523155 0.108398 0.166425
0 0.723145 0.439219 0.040039 0.015919
0 0.777344 0.509407 0.054688 0.147612
0 0.814941 0.510130 0.079102 0.131693