0 0.072266 0.443359 0.144531 0.272135
0 0.079590 0.158854 0.159180 0.190104
0 0.085449 0.402344 0.170898 0.393229
0 0.257812 0.729818 0.515625 0.535156
0 0.189453 0.399089 0.207031 0.472656
0 0.365723 0.191406 0.237305 0.351562
0 0.520020 0.179036 0.215820 0.149740
0 0.558105 0.311198 0.157227 0.489583
0 0.645020 0.442708 0.194336 0.570312
0 0.731934 0.847656 0.325195 0.299479
0 0.773926 0.151693 0.264648 0.212240
0 0.826172 0.642578 0.343750 0.709635
0 0.848633 0.207682 0.298828 0.253906
0 0.960449 0.236979 0.075195 0.169271