0 0.546387 0.437716 0.053711 0.086505
0 0.069824 0.389273 0.018555 0.038062
0 0.116699 0.363322 0.022461 0.048443
0 0.170410 0.367647 0.120117 0.115917
0 0.205566 0.308824 0.018555 0.022491
0 0.241699 0.308824 0.024414 0.032872
0 0.260742 0.366782 0.025391 0.041522
0 0.284668 0.339100 0.026367 0.027682
0 0.287598 0.410035 0.026367 0.041522
0 0.305664 0.366782 0.021484 0.041522
0 0.305664 0.317474 0.015625 0.032872
0 0.351074 0.372837 0.090820 0.095156
0 0.333008 0.260381 0.023438 0.036332
0 0.339355 0.343426 0.030273 0.036332
0 0.357422 0.429931 0.025391 0.053633
0 0.400879 0.302768 0.024414 0.031142
0 0.407715 0.289792 0.018555 0.032872
0 0.424316 0.380623 0.028320 0.041522
0 0.440918 0.360727 0.026367 0.036332
0 0.448242 0.444637 0.037109 0.044983
0 0.549316 0.342561 0.028320 0.034602
0 0.560547 0.315744 0.025391 0.019031
0 0.581055 0.326990 0.025391 0.031142
0 0.631836 0.391003 0.033203 0.051903
0 0.684570 0.360727 0.029297 0.036332
0 0.699707 0.340830 0.018555 0.031142
0 0.770020 0.391003 0.034180 0.041522
0 0.815918 0.407439 0.032227 0.046713
0 0.846191 0.367647 0.028320 0.043253
0 0.868652 0.326990 0.018555 0.031142
0 0.922363 0.371972 0.030273 0.031142
0 0.951172 0.328720 0.015625 0.027682
0 0.988770 0.432526 0.018555 0.031142