0 0.484559 0.869629 0.910294 0.260742
0 0.097059 0.592773 0.194118 0.167969
0 0.216912 0.522949 0.433824 0.170898
0 0.236765 0.485352 0.473529 0.164062
0 0.240441 0.422852 0.422059 0.152344
0 0.125000 0.402344 0.129412 0.048828
0 0.223529 0.326172 0.250000 0.031250
0 0.275735 0.359375 0.322059 0.070312
0 0.749265 0.437988 0.498529 0.116211
0 0.756618 0.550781 0.483824 0.158203
0 0.599265 0.324219 0.157353 0.083984
0 0.673529 0.350098 0.279412 0.114258
0 0.638235 0.327637 0.205882 0.083008
0 0.727206 0.400391 0.383824 0.115234
0 0.770588 0.480957 0.455882 0.102539
0 0.672794 0.365723 0.248529 0.096680
0 0.792647 0.671875 0.411765 0.195312
0 0.761765 0.405762 0.344118 0.088867
0 0.727941 0.363770 0.273529 0.081055
0 0.801471 0.586914 0.394118 0.216797
0 0.841912 0.617676 0.313235 0.166992
0 0.844118 0.747559 0.308824 0.211914