0 0.609863 0.762079 0.147461 0.118594
0 0.068848 0.658126 0.020508 0.071742
0 0.129883 0.645681 0.089844 0.061493
0 0.185059 0.631040 0.041992 0.043924
0 0.233887 0.636164 0.034180 0.042460
0 0.257812 0.595900 0.015625 0.035139
0 0.274902 0.680088 0.043945 0.077599
0 0.307617 0.581991 0.015625 0.010249
0 0.307617 0.593704 0.011719 0.019034
0 0.333008 0.581991 0.005859 0.016105
0 0.365234 0.673499 0.058594 0.026354
0 0.346680 0.576867 0.013672 0.020498
0 0.375488 0.650805 0.043945 0.039531
0 0.406250 0.710835 0.083984 0.086384
0 0.401855 0.636164 0.032227 0.042460
0 0.429688 0.649341 0.019531 0.024890
0 0.503906 0.646413 0.039062 0.036603
0 0.535156 0.777452 0.085938 0.093704
0 0.567383 0.646413 0.080078 0.060029
0 0.600098 0.693265 0.067383 0.065886
0 0.682617 0.735725 0.064453 0.036603
0 0.702148 0.644949 0.060547 0.057101
0 0.690918 0.657394 0.034180 0.032211
0 0.763672 0.650805 0.054688 0.065886
0 0.853516 0.649341 0.050781 0.054173
0 0.880371 0.670571 0.088867 0.049780
0 0.948730 0.719619 0.075195 0.086384
0 0.988770 0.703514 0.020508 0.045388