0 0.089355 0.580128 0.178711 0.128205
0 0.173340 0.556891 0.225586 0.286859
0 0.348145 0.536859 0.176758 0.266026
0 0.368652 0.560897 0.209961 0.294872
0 0.476562 0.578526 0.134766 0.285256
0 0.488770 0.652244 0.137695 0.413462
0 0.522949 0.436699 0.147461 0.094551
0 0.570801 0.416667 0.077148 0.044872
0 0.591797 0.608173 0.097656 0.338141
0 0.665527 0.504808 0.133789 0.246795
0 0.701172 0.415865 0.093750 0.030449
0 0.754395 0.596955 0.155273 0.296474
0 0.783203 0.456731 0.119141 0.086538
0 0.900391 0.511218 0.105469 0.195513