0 0.957520 0.564030 0.075195 0.438795
0 0.020508 0.297552 0.041016 0.112994
0 0.024902 0.602637 0.049805 0.376648
0 0.079102 0.602637 0.089844 0.421846
0 0.066895 0.344633 0.045898 0.101695
0 0.192871 0.288136 0.276367 0.173258
0 0.182129 0.637476 0.163086 0.491525
0 0.162109 0.608286 0.115234 0.474576
0 0.244141 0.363465 0.048828 0.180791
0 0.302246 0.622411 0.100586 0.472693
0 0.321289 0.385122 0.066406 0.148776
0 0.388184 0.438795 0.081055 0.180791
0 0.366211 0.655367 0.035156 0.256121
0 0.395508 0.673258 0.058594 0.288136
0 0.510742 0.596987 0.113281 0.553672
0 0.575684 0.612994 0.086914 0.393597
0 0.633301 0.598870 0.110352 0.425612
0 0.624023 0.374765 0.083984 0.109228
0 0.744629 0.485876 0.077148 0.331450
0 0.769531 0.298493 0.126953 0.103578
0 0.805664 0.491525 0.054688 0.274953
0 0.843262 0.467985 0.059570 0.291902
0 0.877930 0.538606 0.058594 0.274953