0 0.888672 0.703529 0.099609 0.169412
0 0.034180 0.654118 0.048828 0.164706
0 0.070312 0.661176 0.035156 0.145882
0 0.099121 0.687059 0.088867 0.178824
0 0.221191 0.665882 0.094727 0.136471
0 0.317383 0.635294 0.062500 0.061176
0 0.374023 0.637647 0.046875 0.070588
0 0.492188 0.682353 0.097656 0.155294
0 0.526855 0.643529 0.032227 0.058824
0 0.588867 0.712941 0.068359 0.145882
0 0.583984 0.690588 0.029297 0.138824
0 0.639160 0.695294 0.045898 0.171765
0 0.789062 0.671765 0.072266 0.124706
0 0.805664 0.670588 0.058594 0.103529