0 0.471680 0.497063 0.892578 0.732746
0 0.395508 0.587372 0.458984 0.196769
0 0.200195 0.144640 0.039062 0.036711
0 0.215820 0.141703 0.025391 0.039648
0 0.411621 0.153451 0.118164 0.042584
0 0.521484 0.173275 0.216797 0.049927
0 0.521973 0.147577 0.028320 0.033774
0 0.726074 0.155653 0.047852 0.026432
0 0.754395 0.157856 0.061523 0.024963
0 0.825684 0.162996 0.065430 0.035242
0 0.875977 0.190162 0.066406 0.089574
0 0.908203 0.279736 0.056641 0.063142
0 0.955566 0.313510 0.086914 0.092511
0 0.943848 0.184288 0.038086 0.045521
0 0.978027 0.193098 0.041992 0.063142