0 0.033203 0.647786 0.066406 0.092448
0 0.092773 0.228516 0.041016 0.037760
0 0.165039 0.253255 0.025391 0.027344
0 0.218750 0.655599 0.109375 0.113281
0 0.211914 0.423177 0.068359 0.065104
0 0.207520 0.205729 0.018555 0.015625
0 0.229492 0.223307 0.015625 0.019531
0 0.329102 0.257812 0.029297 0.015625
0 0.386230 0.710938 0.133789 0.104167
0 0.343262 0.235026 0.038086 0.029948
0 0.375488 0.184245 0.020508 0.024740
0 0.391113 0.281901 0.032227 0.032552
0 0.477539 0.177734 0.015625 0.019531
0 0.531250 0.586589 0.119141 0.095052
0 0.499512 0.169922 0.014648 0.019531
0 0.519531 0.402995 0.042969 0.037760
0 0.516113 0.294922 0.030273 0.040365
0 0.518555 0.162109 0.009766 0.019531
0 0.550781 0.284505 0.029297 0.022135
0 0.573730 0.220052 0.008789 0.026042
0 0.604980 0.324219 0.020508 0.039062
0 0.630859 0.405599 0.056641 0.040365
0 0.639160 0.438151 0.047852 0.053385
0 0.673340 0.790365 0.096680 0.104167
0 0.645020 0.216797 0.024414 0.027344
0 0.662109 0.154948 0.011719 0.023438
0 0.707520 0.359375 0.061523 0.039062
0 0.739258 0.742188 0.119141 0.098958
0 0.698242 0.311849 0.031250 0.055990
0 0.732910 0.294922 0.051758 0.040365
0 0.739258 0.168620 0.023438 0.032552
0 0.765137 0.313802 0.038086 0.036458
0 0.774414 0.454427 0.054688 0.052083
0 0.775879 0.162109 0.014648 0.019531
0 0.832520 0.363281 0.055664 0.041667
0 0.824707 0.212891 0.018555 0.029948
0 0.891602 0.210286 0.035156 0.027344
0 0.983398 0.173828 0.013672 0.014323