0 0.586426 0.719764 0.346680 0.353982
0 0.120605 0.682153 0.141602 0.078171
0 0.117676 0.718289 0.122070 0.100295
0 0.181641 0.803835 0.107422 0.085546
0 0.272949 0.409292 0.034180 0.054572
0 0.290039 0.351032 0.039062 0.047198
0 0.320801 0.429204 0.051758 0.050147
0 0.362793 0.280236 0.014648 0.026549
0 0.377441 0.278024 0.016602 0.030973
0 0.432617 0.275811 0.021484 0.029499
0 0.447266 0.307522 0.041016 0.033923
0 0.500977 0.376106 0.052734 0.050147
0 0.714844 0.677729 0.054688 0.066372
0 0.745605 0.715339 0.098633 0.115044
0 0.753906 0.811947 0.115234 0.140118