0 0.153809 0.639286 0.143555 0.045238
0 0.285156 0.629762 0.025391 0.026190
0 0.306641 0.648810 0.019531 0.035714
0 0.375977 0.629762 0.111328 0.050000
0 0.432617 0.600000 0.019531 0.028571
0 0.434082 0.623810 0.008789 0.019048
0 0.465820 0.632143 0.056641 0.040476
0 0.447754 0.602381 0.008789 0.019048
0 0.514160 0.626190 0.012695 0.028571
0 0.541992 0.633333 0.048828 0.042857
0 0.600586 0.628571 0.082031 0.042857
0 0.682129 0.619048 0.010742 0.023810
0 0.694824 0.629762 0.016602 0.026190
0 0.715332 0.617857 0.014648 0.026190
0 0.803223 0.622619 0.125977 0.035714
0 0.878418 0.621429 0.008789 0.033333