0 0.208984 0.715495 0.089844 0.074219
0 0.246094 0.718750 0.052734 0.057292
0 0.270996 0.699870 0.043945 0.048177
0 0.300781 0.715495 0.072266 0.074219
0 0.307617 0.723958 0.064453 0.067708
0 0.343750 0.727214 0.052734 0.074219
0 0.379395 0.718099 0.045898 0.079427
0 0.430664 0.725911 0.064453 0.076823
0 0.417480 0.721354 0.030273 0.085938
0 0.481934 0.750651 0.073242 0.076823
0 0.482910 0.721354 0.075195 0.062500
0 0.518066 0.760417 0.096680 0.080729
0 0.547363 0.714844 0.043945 0.031250
0 0.606934 0.758464 0.083008 0.084635
0 0.630371 0.731771 0.057617 0.067708
0 0.671387 0.737630 0.028320 0.050781
0 0.741699 0.735677 0.043945 0.046875
0 0.801270 0.748047 0.026367 0.022135
0 0.854492 0.763672 0.064453 0.063802
0 0.914062 0.795573 0.089844 0.078125
0 0.903809 0.744792 0.045898 0.041667