0 0.262695 0.800892 0.074219 0.095097
0 0.321777 0.632987 0.063477 0.086181
0 0.461914 0.634473 0.078125 0.080238
0 0.487305 0.644131 0.041016 0.090639
0 0.514160 0.745171 0.088867 0.093611
0 0.532715 0.659733 0.069336 0.077266
0 0.560059 0.738484 0.075195 0.092125
0 0.606445 0.689450 0.068359 0.089153
0 0.627441 0.647103 0.030273 0.052006
0 0.667480 0.670134 0.065430 0.080238
0 0.668457 0.620357 0.043945 0.031204
0 0.704590 0.655275 0.047852 0.068351
0 0.770020 0.809064 0.096680 0.105498
0 0.764648 0.642645 0.076172 0.084695
0 0.827637 0.627786 0.069336 0.087667
0 0.827637 0.789747 0.045898 0.087667
0 0.905762 0.845468 0.051758 0.062407
0 0.940918 0.852155 0.077148 0.049034