0 0.359375 0.573568 0.078125 0.134115
0 0.165527 0.509766 0.036133 0.048177
0 0.199707 0.539062 0.067383 0.106771
0 0.200684 0.495443 0.047852 0.029948
0 0.221191 0.557292 0.079102 0.096354
0 0.218750 0.502604 0.062500 0.041667
0 0.324219 0.438151 0.035156 0.022135
0 0.338379 0.527344 0.041992 0.036458
0 0.341309 0.452474 0.047852 0.022135
0 0.337891 0.400391 0.031250 0.022135
0 0.367188 0.545573 0.035156 0.085938
0 0.400391 0.514323 0.039062 0.049479
0 0.414551 0.494792 0.038086 0.036458
0 0.430176 0.475260 0.028320 0.031250
0 0.455078 0.462240 0.037109 0.026042
0 0.452148 0.474609 0.029297 0.042969
0 0.491699 0.479818 0.043945 0.024740
0 0.538086 0.455078 0.044922 0.027344
0 0.547363 0.551432 0.053711 0.071615
0 0.549805 0.431641 0.023438 0.022135
0 0.565918 0.570312 0.053711 0.054688
0 0.568359 0.526693 0.052734 0.048177
0 0.597656 0.464193 0.025391 0.029948
0 0.618652 0.532552 0.061523 0.057292
0 0.636230 0.513672 0.026367 0.027344
0 0.663574 0.541667 0.059570 0.036458
0 0.690918 0.515625 0.057617 0.046875
0 0.700684 0.479167 0.038086 0.033854
0 0.712891 0.456380 0.044922 0.027344