0 0.122559 0.693654 0.032227 0.056893
0 0.120117 0.610503 0.025391 0.078775
0 0.137207 0.778993 0.028320 0.087527
0 0.164062 0.629103 0.033203 0.045952
0 0.174316 0.737418 0.049805 0.100656
0 0.177246 0.773523 0.034180 0.089716
0 0.201172 0.781182 0.021484 0.091904
0 0.232910 0.786652 0.040039 0.089716
0 0.235352 0.621444 0.042969 0.030635
0 0.272461 0.628009 0.041016 0.048140
0 0.280273 0.789934 0.046875 0.144420
0 0.337402 0.619256 0.055664 0.035011
0 0.338379 0.667396 0.051758 0.052516
0 0.427734 0.636761 0.048828 0.065646
0 0.476074 0.577681 0.028320 0.056893
0 0.507812 0.568928 0.035156 0.056893
0 0.541504 0.643326 0.043945 0.078775
0 0.582520 0.775711 0.081055 0.137856
0 0.563965 0.561269 0.026367 0.050328
0 0.569824 0.560175 0.024414 0.035011
0 0.736328 0.561269 0.041016 0.050328
0 0.802246 0.621444 0.032227 0.039387
0 0.893555 0.565646 0.052734 0.050328