0 0.038574 0.427734 0.077148 0.087240
0 0.098145 0.376302 0.041992 0.088542
0 0.160156 0.424479 0.037109 0.044271
0 0.336426 0.397135 0.090820 0.078125
0 0.311035 0.349609 0.036133 0.016927
0 0.372070 0.389974 0.035156 0.045573
0 0.404785 0.445964 0.043945 0.074219
0 0.495605 0.388672 0.024414 0.069010
0 0.508789 0.389974 0.041016 0.071615
0 0.603027 0.422526 0.127930 0.110677
0 0.705078 0.416016 0.083984 0.092448
0 0.688477 0.439453 0.042969 0.042969
0 0.811035 0.422526 0.065430 0.063802
0 0.847168 0.443359 0.014648 0.035156
0 0.869141 0.313151 0.021484 0.016927
0 0.896973 0.319661 0.022461 0.016927
0 0.950195 0.426432 0.031250 0.058594
0 0.974121 0.335938 0.026367 0.023438