0 0.094727 0.254758 0.035156 0.093704
0 0.140625 0.252562 0.082031 0.098097
0 0.257812 0.565886 0.316406 0.244510
0 0.183594 0.248902 0.031250 0.090776
0 0.208496 0.258419 0.053711 0.103953
0 0.326660 0.579063 0.237305 0.194729
0 0.250000 0.256955 0.052734 0.092240
0 0.312500 0.240117 0.082031 0.073206
0 0.320801 0.268668 0.065430 0.092240
0 0.370605 0.255490 0.041992 0.103953
0 0.404297 0.253294 0.039062 0.096633
0 0.490234 0.491947 0.150391 0.122987
0 0.566895 0.567350 0.247070 0.247438
0 0.653320 0.558565 0.173828 0.232796
0 0.782715 0.643485 0.256836 0.180088