0 0.270508 0.651095 0.169922 0.254015
0 0.006348 0.584672 0.012695 0.141606
0 0.082031 0.488321 0.087891 0.127007
0 0.144531 0.475912 0.050781 0.081752
0 0.155273 0.529197 0.060547 0.132847
0 0.215820 0.482482 0.072266 0.127007
0 0.258301 0.598540 0.077148 0.183942
0 0.253418 0.468613 0.030273 0.067153
0 0.288086 0.502920 0.076172 0.091971
0 0.341309 0.565693 0.096680 0.194161
0 0.359375 0.437956 0.029297 0.037956
0 0.386719 0.518248 0.080078 0.137226
0 0.447754 0.477372 0.040039 0.096350
0 0.499512 0.540876 0.092773 0.115328
0 0.605957 0.552555 0.159180 0.167883
0 0.783691 0.574453 0.143555 0.162044