0 0.177734 0.539531 0.091797 0.150805
0 0.082520 0.490483 0.024414 0.043924
0 0.115723 0.556369 0.055664 0.105417
0 0.105469 0.445827 0.013672 0.016105
0 0.113281 0.498536 0.025391 0.048316
0 0.128906 0.437042 0.009766 0.013177
0 0.157715 0.496340 0.055664 0.032211
0 0.150879 0.448755 0.020508 0.027818
0 0.167480 0.485359 0.051758 0.042460
0 0.189453 0.441435 0.015625 0.039531
0 0.196777 0.423865 0.020508 0.039531
0 0.211426 0.517570 0.041992 0.080527
0 0.265137 0.396779 0.034180 0.046852
0 0.269531 0.405564 0.039062 0.049780
0 0.293945 0.527086 0.037109 0.055637
0 0.316406 0.439239 0.068359 0.043924
0 0.311523 0.468521 0.052734 0.061493
0 0.347168 0.501464 0.069336 0.080527
0 0.362793 0.351391 0.041992 0.046852
0 0.397949 0.512445 0.084961 0.108346
0 0.388672 0.335286 0.019531 0.049780
0 0.440430 0.442899 0.062500 0.074671