0 0.340332 0.228676 0.020508 0.016176
0 0.378906 0.408824 0.046875 0.111765
0 0.371094 0.217647 0.009766 0.011765
0 0.441406 0.229412 0.146484 0.061765
0 0.402344 0.469853 0.066406 0.204412
0 0.380371 0.210294 0.004883 0.005882
0 0.444336 0.558088 0.132812 0.369118
0 0.417969 0.211765 0.066406 0.020588
0 0.433594 0.334559 0.080078 0.110294
0 0.419922 0.381618 0.025391 0.030882
0 0.422852 0.242647 0.017578 0.032353
0 0.430176 0.216912 0.010742 0.013235
0 0.435059 0.249265 0.014648 0.025000
0 0.435059 0.229412 0.006836 0.011765
0 0.465332 0.318382 0.059570 0.116176
0 0.448730 0.231618 0.008789 0.016176
0 0.456055 0.250735 0.021484 0.027941
0 0.456543 0.208824 0.006836 0.017647
0 0.457031 0.226471 0.007812 0.008824
0 0.465820 0.236029 0.015625 0.030882
0 0.463867 0.206618 0.007812 0.013235
0 0.467285 0.207353 0.004883 0.011765
0 0.473633 0.220588 0.007812 0.017647
0 0.477051 0.239706 0.014648 0.023529
0 0.486816 0.272059 0.024414 0.047059
0 0.480469 0.210294 0.009766 0.014706
0 0.488281 0.255147 0.025391 0.045588
0 0.521484 0.421324 0.091797 0.225000
0 0.508789 0.297794 0.048828 0.075000
0 0.490234 0.211765 0.003906 0.011765
0 0.500000 0.236029 0.019531 0.036765
0 0.498535 0.210294 0.008789 0.014706
0 0.549805 0.729412 0.101562 0.411765
0 0.507812 0.213971 0.005859 0.016176
0 0.520508 0.242647 0.021484 0.032353
0 0.520020 0.222059 0.018555 0.020588
0 0.523438 0.236029 0.015625 0.027941
0 0.524414 0.219118 0.017578 0.026471
0 0.535156 0.263235 0.037109 0.058824
0 0.560547 0.339706 0.058594 0.097059
0 0.540039 0.228676 0.007812 0.022059
0 0.561523 0.246324 0.025391 0.045588
0 0.575195 0.441912 0.042969 0.163235
0 0.580078 0.319853 0.052734 0.095588
0 0.569824 0.259559 0.018555 0.027941
0 0.663574 0.742647 0.190430 0.511765
0 0.589844 0.265441 0.021484 0.025000
0 0.617188 0.466176 0.076172 0.097059
0 0.588379 0.241176 0.010742 0.029412
0 0.607422 0.242647 0.044922 0.052941
0 0.623047 0.423529 0.056641 0.102941
0 0.613770 0.288971 0.024414 0.077941
0 0.635254 0.325735 0.051758 0.133824
0 0.626465 0.240441 0.010742 0.030882
0 0.628906 0.247059 0.005859 0.029412
0 0.642090 0.249265 0.028320 0.054412
0 0.706543 0.448529 0.137695 0.285294
0 0.658203 0.244118 0.015625 0.070588
0 0.658203 0.245588 0.007812 0.050000
0 0.670898 0.306618 0.027344 0.048529
0 0.750000 0.419853 0.130859 0.233824
0 0.702637 0.305882 0.034180 0.035294
0 0.734863 0.280147 0.049805 0.086765
0 0.769531 0.380147 0.109375 0.122059
0 0.878906 0.708088 0.240234 0.580882
0 0.780762 0.296324 0.041992 0.075000
0 0.899902 0.508824 0.186523 0.367647
0 0.979492 0.509559 0.039062 0.245588