0 0.210449 0.806697 0.030273 0.030441
0 0.260254 0.805936 0.028320 0.031963
0 0.331543 0.794521 0.024414 0.024353
0 0.347656 0.808980 0.013672 0.016743
0 0.347168 0.810502 0.010742 0.010654
0 0.365723 0.801370 0.022461 0.044140
0 0.388184 0.799087 0.032227 0.027397
0 0.405762 0.796043 0.024414 0.027397
0 0.430176 0.795282 0.020508 0.028919
0 0.447266 0.799087 0.033203 0.033486
0 0.501465 0.790715 0.034180 0.028919
0 0.566406 0.799848 0.021484 0.019787
0 0.569336 0.803653 0.019531 0.015221
0 0.576172 0.790715 0.027344 0.031963
0 0.692383 0.785388 0.015625 0.030441
0 0.692871 0.786910 0.008789 0.027397
0 0.706543 0.792237 0.028320 0.025875
0 0.736328 0.784627 0.027344 0.035008
0 0.767578 0.783866 0.035156 0.033486
0 0.773926 0.783105 0.020508 0.019787
0 0.901367 0.721461 0.011719 0.015221
0 0.914551 0.720700 0.010742 0.019787
0 0.920410 0.719939 0.016602 0.018265
0 0.940430 0.788432 0.023438 0.036530
0 0.939941 0.719178 0.010742 0.016743
0 0.963379 0.721461 0.012695 0.015221
0 0.992188 0.725266 0.013672 0.016743
0 0.993652 0.722222 0.010742 0.010654