0 0.313965 0.848145 0.331055 0.247070
0 0.077148 0.838867 0.152344 0.210938
0 0.444336 0.569824 0.160156 0.098633
0 0.429199 0.403809 0.075195 0.077148
0 0.459473 0.573730 0.122070 0.083008
0 0.511719 0.612793 0.148438 0.083008
0 0.565430 0.433105 0.070312 0.073242
0 0.615723 0.510254 0.041992 0.063477
0 0.640137 0.549316 0.079102 0.086914
0 0.689453 0.737305 0.150391 0.152344
0 0.761719 0.812500 0.181641 0.177734
0 0.722656 0.477539 0.054688 0.064453
0 0.742188 0.626465 0.066406 0.125977
0 0.774414 0.617188 0.080078 0.146484
0 0.822266 0.477051 0.134766 0.094727
0 0.947266 0.477539 0.101562 0.070312