0 0.691406 0.634771 0.175781 0.261456
0 0.111328 0.549191 0.072266 0.028302
0 0.117676 0.608491 0.083008 0.092992
0 0.143066 0.527628 0.067383 0.022911
0 0.159668 0.581536 0.028320 0.030997
0 0.203613 0.630728 0.102539 0.072776
0 0.239746 0.559299 0.151367 0.086253
0 0.273926 0.637466 0.073242 0.072776
0 0.277832 0.560647 0.036133 0.037736
0 0.322266 0.582210 0.066406 0.051213
0 0.348633 0.544474 0.035156 0.037736
0 0.401855 0.694744 0.102539 0.125337
0 0.448242 0.773585 0.185547 0.237197
0 0.380371 0.522237 0.026367 0.025606
0 0.423828 0.543127 0.035156 0.024259
0 0.456543 0.556604 0.028320 0.086253
0 0.505371 0.547170 0.053711 0.059299
0 0.546875 0.655660 0.109375 0.103774