0 0.088867 0.796029 0.072266 0.104693
0 0.122070 0.754513 0.050781 0.072202
0 0.189941 0.803249 0.024414 0.075812
0 0.259766 0.721119 0.054688 0.063177
0 0.263672 0.805054 0.033203 0.064982
0 0.322754 0.788809 0.094727 0.090253
0 0.374512 0.740072 0.040039 0.061372
0 0.459473 0.774368 0.075195 0.093863
0 0.470703 0.730144 0.015625 0.030686
0 0.497559 0.745487 0.047852 0.075812
0 0.525879 0.812274 0.088867 0.122744
0 0.539551 0.715704 0.059570 0.059567
0 0.562988 0.751805 0.036133 0.045126
0 0.610840 0.804152 0.051758 0.063177
0 0.625977 0.739170 0.044922 0.074007
0 0.655273 0.789711 0.083984 0.088448
0 0.737305 0.586643 0.039062 0.043321
0 0.814453 0.774368 0.056641 0.064982
0 0.876465 0.728339 0.020508 0.037906
0 0.906250 0.672383 0.011719 0.023466
0 0.922363 0.703069 0.028320 0.037906
0 0.938965 0.816787 0.051758 0.081227