0 0.253418 0.595168 0.161133 0.300146
0 0.174805 0.535871 0.056641 0.084919
0 0.341309 0.507321 0.022461 0.030747
0 0.367676 0.545388 0.018555 0.054173
0 0.387695 0.524158 0.027344 0.064422
0 0.437500 0.534407 0.041016 0.043924
0 0.522461 0.508053 0.031250 0.023426
0 0.553223 0.539531 0.034180 0.039531
0 0.651855 0.509517 0.016602 0.020498
0 0.666992 0.512445 0.009766 0.014641
0 0.714844 0.536603 0.091797 0.080527
0 0.800293 0.510981 0.018555 0.017570
0 0.854004 0.519034 0.024414 0.045388
0 0.887207 0.515373 0.045898 0.038067
0 0.939453 0.532943 0.021484 0.040996