0 0.197754 0.613715 0.094727 0.098958
0 0.285645 0.536458 0.081055 0.072917
0 0.360352 0.514757 0.076172 0.029514
0 0.370605 0.592882 0.067383 0.157986
0 0.354980 0.518229 0.034180 0.036458
0 0.404297 0.559028 0.062500 0.083333
0 0.453125 0.555556 0.076172 0.086806
0 0.489746 0.563368 0.053711 0.071181
0 0.553223 0.565972 0.108398 0.076389
0 0.516602 0.536458 0.031250 0.048611
0 0.626953 0.510417 0.072266 0.045139
0 0.664062 0.543403 0.089844 0.086806
0 0.720215 0.517361 0.038086 0.024306
0 0.753906 0.493924 0.074219 0.043403
0 0.799805 0.514757 0.048828 0.060764
0 0.846191 0.605903 0.116211 0.121528
0 0.811035 0.477431 0.043945 0.024306
0 0.828613 0.495660 0.032227 0.043403
0 0.873047 0.551215 0.093750 0.074653
0 0.901855 0.505208 0.026367 0.038194
0 0.938965 0.522569 0.055664 0.059028
0 0.968262 0.540799 0.061523 0.057292
0 0.976562 0.835069 0.044922 0.072917