0 0.757324 0.672526 0.331055 0.654948
0 0.416992 0.208333 0.082031 0.072917
0 0.462891 0.158854 0.017578 0.020833
0 0.476074 0.156901 0.018555 0.022135
0 0.545898 0.263021 0.091797 0.130208
0 0.607910 0.282552 0.147461 0.130208
0 0.623047 0.187500 0.093750 0.062500
0 0.681641 0.296875 0.191406 0.156250
0 0.693359 0.188151 0.046875 0.061198
0 0.720215 0.192708 0.051758 0.041667
0 0.738281 0.151693 0.029297 0.019531
0 0.858887 0.239583 0.118164 0.101562
0 0.891113 0.193359 0.053711 0.071615
0 0.940430 0.208333 0.089844 0.078125
0 0.971680 0.281250 0.052734 0.127604