0 0.806641 0.414062 0.240234 0.223958
0 0.011230 0.298828 0.022461 0.014323
0 0.013184 0.264323 0.026367 0.041667
0 0.038086 0.367839 0.076172 0.134115
0 0.031738 0.292318 0.026367 0.042969
0 0.048340 0.440104 0.059570 0.104167
0 0.036621 0.251302 0.030273 0.039062
0 0.061523 0.300130 0.052734 0.055990
0 0.078613 0.254557 0.034180 0.032552
0 0.273438 0.524740 0.402344 0.304688
0 0.118652 0.315755 0.086914 0.087240
0 0.131836 0.259115 0.089844 0.044271
0 0.190430 0.345703 0.150391 0.113281
0 0.188477 0.279948 0.066406 0.041667
0 0.204102 0.246745 0.035156 0.022135
0 0.211914 0.268229 0.041016 0.020833
0 0.239258 0.235677 0.023438 0.028646
0 0.268555 0.301432 0.072266 0.063802
0 0.257812 0.229818 0.027344 0.027344
0 0.287109 0.269531 0.046875 0.018229
0 0.278809 0.250000 0.024414 0.020833
0 0.291504 0.238932 0.026367 0.027344
0 0.355957 0.363281 0.135742 0.111979
0 0.301270 0.231771 0.024414 0.031250
0 0.340820 0.294922 0.074219 0.045573
0 0.363770 0.296875 0.090820 0.026042
0 0.347656 0.243490 0.056641 0.054688
0 0.422852 0.703125 0.193359 0.283854
0 0.390137 0.277995 0.065430 0.040365
0 0.378906 0.240885 0.033203 0.031250
0 0.386719 0.229818 0.023438 0.011719
0 0.408691 0.225911 0.030273 0.019531
0 0.454590 0.235026 0.110352 0.055990
0 0.534668 0.425130 0.231445 0.201823
0 0.490234 0.311198 0.132812 0.062500
0 0.470215 0.269531 0.081055 0.044271
0 0.499512 0.241536 0.038086 0.032552
0 0.537109 0.223307 0.050781 0.040365
0 0.555664 0.300130 0.078125 0.061198
0 0.559082 0.254557 0.073242 0.029948
0 0.603027 0.264323 0.047852 0.054688
0 0.625488 0.337240 0.075195 0.070312
0 0.632812 0.238932 0.046875 0.029948
0 0.655273 0.265625 0.064453 0.065104
0 0.687012 0.239583 0.034180 0.020833
0 0.721191 0.270833 0.075195 0.067708
0 0.810059 0.279948 0.077148 0.054688
0 0.912598 0.302083 0.149414 0.114583
0 0.894043 0.240885 0.051758 0.020833
0 0.930664 0.227214 0.029297 0.019531
0 0.950684 0.246745 0.051758 0.022135
0 0.962891 0.371094 0.072266 0.145833