0 0.837402 0.614983 0.075195 0.132404
0 0.006348 0.641986 0.012695 0.113240
0 0.029297 0.645470 0.033203 0.081882
0 0.081543 0.653310 0.069336 0.083624
0 0.247070 0.619338 0.109375 0.162021
0 0.310059 0.676829 0.118164 0.158537
0 0.409668 0.682056 0.125977 0.182927
0 0.456055 0.760453 0.132812 0.193380
0 0.561523 0.750871 0.144531 0.174216
0 0.653809 0.609756 0.196289 0.146341
0 0.724121 0.754355 0.151367 0.139373
0 0.794922 0.635889 0.021484 0.055749
0 0.872070 0.606272 0.042969 0.090592
0 0.951172 0.695993 0.093750 0.155052