0 0.883301 0.617647 0.208008 0.299346
0 0.070312 0.526144 0.113281 0.192157
0 0.090820 0.407843 0.128906 0.039216
0 0.103516 0.440523 0.154297 0.049673
0 0.128906 0.532680 0.164062 0.186928
0 0.180664 0.411111 0.041016 0.064052
0 0.237305 0.432026 0.083984 0.087582
0 0.280273 0.471242 0.109375 0.129412
0 0.283691 0.396078 0.034180 0.028758
0 0.332031 0.423529 0.060547 0.083660
0 0.375977 0.428758 0.048828 0.099346
0 0.433594 0.417647 0.070312 0.090196
0 0.472168 0.573856 0.104492 0.222222
0 0.469238 0.453595 0.094727 0.065359
0 0.620117 0.598693 0.296875 0.313725
0 0.516113 0.412418 0.045898 0.082353
0 0.602539 0.452941 0.185547 0.061438
0 0.593262 0.393464 0.069336 0.073203
0 0.689453 0.422222 0.136719 0.088889
0 0.675781 0.369935 0.044922 0.039216
0 0.871094 0.458170 0.255859 0.105882
0 0.908203 0.372549 0.132812 0.073203
0 0.934082 0.462092 0.129883 0.061438
0 0.979492 0.387582 0.039062 0.056209