0 0.205566 0.670571 0.149414 0.140556
0 0.238281 0.566618 0.091797 0.111274
0 0.266602 0.515373 0.041016 0.058565
0 0.329102 0.661786 0.093750 0.131772
0 0.319824 0.631040 0.047852 0.114202
0 0.354004 0.575403 0.073242 0.090776
0 0.344238 0.510249 0.030273 0.077599
0 0.507324 0.654466 0.124023 0.140556
0 0.487793 0.521230 0.071289 0.090776
0 0.484863 0.565154 0.032227 0.070278
0 0.498535 0.508785 0.043945 0.065886
0 0.535156 0.540996 0.048828 0.098097
0 0.544922 0.479502 0.054688 0.030747
0 0.627930 0.620791 0.097656 0.125915
0 0.610840 0.510981 0.030273 0.084919
0 0.691406 0.598829 0.068359 0.102489
0 0.752930 0.478770 0.062500 0.049780
0 0.740234 0.576867 0.029297 0.096633
0 0.768066 0.614202 0.053711 0.153734
0 0.801270 0.486091 0.059570 0.081991
0 0.805664 0.569546 0.064453 0.102489
0 0.799805 0.554905 0.035156 0.049780
0 0.891113 0.572474 0.045898 0.090776
0 0.892578 0.542460 0.048828 0.115666
0 0.953125 0.514641 0.041016 0.086384
0 0.957520 0.576135 0.032227 0.083455