0 0.096680 0.736328 0.087891 0.076823
0 0.124023 0.765625 0.105469 0.127604
0 0.149902 0.688802 0.049805 0.031250
0 0.189941 0.681641 0.034180 0.032552
0 0.242188 0.779948 0.085938 0.111979
0 0.282715 0.746745 0.065430 0.110677
0 0.327148 0.740885 0.068359 0.135417
0 0.363770 0.770833 0.053711 0.093750
0 0.396484 0.722005 0.035156 0.105469
0 0.410156 0.748047 0.027344 0.079427
0 0.506836 0.679036 0.189453 0.058594
0 0.434570 0.755208 0.019531 0.085938
0 0.459473 0.748047 0.026367 0.095052
0 0.487793 0.745443 0.030273 0.089844
0 0.515137 0.715495 0.026367 0.037760
0 0.513184 0.754557 0.020508 0.092448
0 0.544922 0.735677 0.021484 0.088542
0 0.567383 0.748698 0.019531 0.075521
0 0.584961 0.742839 0.015625 0.079427
0 0.617188 0.747396 0.025391 0.088542
0 0.617188 0.667969 0.023438 0.018229
0 0.623047 0.681641 0.017578 0.011719
0 0.639160 0.688802 0.018555 0.015625
0 0.661133 0.715495 0.033203 0.063802
0 0.693848 0.717448 0.038086 0.088542