0 0.368005 0.442383 0.169100 0.072266
0 0.123479 0.450195 0.130170 0.068359
0 0.152068 0.412598 0.021898 0.030273
0 0.386253 0.419434 0.049878 0.020508
0 0.456204 0.461914 0.024331 0.033203
0 0.511557 0.459473 0.074209 0.032227
0 0.529805 0.416992 0.018248 0.015625
0 0.567518 0.461914 0.042579 0.027344
0 0.613139 0.387207 0.031630 0.022461
0 0.669708 0.408203 0.035280 0.025391
0 0.703771 0.473145 0.088808 0.053711
0 0.751825 0.445801 0.053528 0.049805
0 0.753041 0.391602 0.017032 0.031250
0 0.929440 0.470703 0.085158 0.058594
0 0.916058 0.428711 0.041363 0.021484