0 0.064453 0.686667 0.064453 0.135238
0 0.077148 0.705714 0.052734 0.112381
0 0.086914 0.587619 0.035156 0.043810
0 0.105469 0.575238 0.044922 0.060952
0 0.145996 0.733333 0.073242 0.091429
0 0.175293 0.656190 0.104492 0.108571
0 0.205566 0.719048 0.067383 0.085714
0 0.230957 0.551429 0.022461 0.032381
0 0.246094 0.551429 0.019531 0.028571
0 0.279297 0.727619 0.058594 0.087619
0 0.277344 0.557143 0.021484 0.040000
0 0.326660 0.701905 0.075195 0.154286
0 0.391113 0.594286 0.040039 0.034286
0 0.404785 0.570476 0.032227 0.051429
0 0.414551 0.708571 0.038086 0.133333
0 0.410156 0.546667 0.021484 0.019048
0 0.428711 0.549524 0.013672 0.028571
0 0.445312 0.700952 0.042969 0.121905
0 0.486328 0.702857 0.039062 0.137143
0 0.523438 0.700952 0.041016 0.140952
0 0.566895 0.705714 0.051758 0.131429
0 0.558594 0.558095 0.019531 0.041905
0 0.570312 0.556190 0.015625 0.030476
0 0.576660 0.580000 0.018555 0.051429
0 0.616699 0.703810 0.057617 0.142857
0 0.680664 0.600952 0.136719 0.097143
0 0.784180 0.605714 0.048828 0.060952
0 0.833008 0.613333 0.062500 0.076190
0 0.980957 0.642857 0.036133 0.032381