0 0.783203 0.691406 0.373047 0.304688
0 0.092285 0.613932 0.102539 0.126302
0 0.254395 0.601562 0.118164 0.101562
0 0.349609 0.646484 0.097656 0.170573
0 0.364746 0.576823 0.032227 0.057292
0 0.524414 0.686198 0.154297 0.252604
0 0.473145 0.580729 0.032227 0.065104
0 0.517090 0.578125 0.041992 0.054688
0 0.617676 0.592448 0.077148 0.075521
0 0.683594 0.569661 0.017578 0.042969
0 0.723145 0.559245 0.030273 0.050781
0 0.745117 0.556641 0.015625 0.024740
0 0.764160 0.555339 0.018555 0.032552
0 0.792480 0.555339 0.028320 0.032552
0 0.813477 0.552734 0.017578 0.016927
0 0.830078 0.554036 0.009766 0.024740