0 0.742676 0.633094 0.229492 0.464029
0 0.062012 0.862410 0.040039 0.113309
0 0.331543 0.728417 0.094727 0.258993
0 0.369141 0.804856 0.107422 0.228417
0 0.366211 0.503597 0.076172 0.212230
0 0.424316 0.591727 0.084961 0.356115
0 0.420410 0.375000 0.045898 0.098921
0 0.438477 0.311151 0.044922 0.082734
0 0.456543 0.392086 0.034180 0.115108
0 0.473145 0.431655 0.047852 0.136691
0 0.491699 0.651978 0.063477 0.278777
0 0.479004 0.292266 0.030273 0.055755
0 0.505859 0.501799 0.074219 0.183453
0 0.498047 0.306655 0.039062 0.059353
0 0.513672 0.359712 0.048828 0.079137
0 0.598633 0.318345 0.183594 0.223022
0 0.564941 0.648381 0.079102 0.325540
0 0.597168 0.507194 0.075195 0.262590
0 0.659180 0.323741 0.076172 0.161871
0 0.678711 0.432554 0.066406 0.113309
0 0.708984 0.342626 0.033203 0.163669
0 0.744141 0.260791 0.041016 0.032374
0 0.755859 0.346223 0.060547 0.163669
0 0.799805 0.424460 0.083984 0.115108
0 0.812988 0.328237 0.053711 0.134892
0 0.895508 0.481115 0.082031 0.321942
0 0.935059 0.539568 0.036133 0.154676