0 0.778809 0.758212 0.135742 0.286496
0 0.049805 0.813869 0.099609 0.248175
0 0.061523 0.782847 0.123047 0.270073
0 0.127930 0.774635 0.220703 0.286496
0 0.184570 0.778285 0.070312 0.275547
0 0.276367 0.765511 0.091797 0.253650
0 0.270508 0.806569 0.054688 0.204380
0 0.293945 0.799270 0.060547 0.186131
0 0.348633 0.753650 0.082031 0.313869
0 0.400391 0.740876 0.085938 0.302920
0 0.479004 0.745438 0.073242 0.304745
0 0.528809 0.739051 0.083008 0.273723
0 0.632324 0.758212 0.209961 0.271898
0 0.637207 0.754562 0.116211 0.282847
0 0.931152 0.760949 0.098633 0.222628