0 0.576190 0.877441 0.382011 0.166992
0 0.156614 0.884277 0.273016 0.168945
0 0.148677 0.512695 0.248677 0.158203
0 0.155556 0.686523 0.256085 0.128906
0 0.181481 0.119629 0.299471 0.161133
0 0.191005 0.308594 0.278307 0.207031
0 0.264021 0.876953 0.286772 0.148438
0 0.256085 0.276855 0.266667 0.211914
0 0.347619 0.492188 0.212698 0.205078
0 0.487302 0.692871 0.307937 0.168945
0 0.503175 0.118164 0.267725 0.160156
0 0.566138 0.291504 0.302646 0.227539
0 0.641270 0.504395 0.300529 0.184570
0 0.823280 0.112793 0.300529 0.170898
0 0.839683 0.504883 0.288889 0.148438
0 0.840212 0.309082 0.266667 0.170898
0 0.848148 0.694336 0.265608 0.152344
0 0.849735 0.887207 0.264550 0.168945