0 0.491699 0.539531 0.092773 0.115666
0 0.004883 0.548316 0.009766 0.071742
0 0.059570 0.467057 0.046875 0.049780
0 0.104980 0.532943 0.061523 0.064422
0 0.103027 0.459736 0.026367 0.040996
0 0.129395 0.450220 0.028320 0.051245
0 0.188477 0.427526 0.039062 0.040996
0 0.213379 0.509517 0.038086 0.049780
0 0.233398 0.560761 0.046875 0.084919
0 0.279785 0.487555 0.065430 0.067350
0 0.303711 0.539531 0.033203 0.065886
0 0.328613 0.429722 0.036133 0.042460
0 0.393066 0.510249 0.067383 0.080527
0 0.385742 0.431186 0.023438 0.027818
0 0.402344 0.440703 0.044922 0.052709
0 0.403320 0.407760 0.015625 0.021962
0 0.430176 0.560761 0.030273 0.079063
0 0.444824 0.420937 0.043945 0.033675
0 0.463867 0.467057 0.029297 0.046852
0 0.479004 0.414348 0.038086 0.038067
0 0.531738 0.416545 0.043945 0.036603
0 0.578613 0.426794 0.014648 0.036603
0 0.617676 0.460469 0.051758 0.054173
0 0.620117 0.556369 0.041016 0.032211
0 0.612305 0.453880 0.015625 0.052709
0 0.621094 0.404832 0.027344 0.033675
0 0.633301 0.502928 0.045898 0.077599
0 0.651855 0.410688 0.028320 0.033675
0 0.652344 0.509517 0.017578 0.029283
0 0.687988 0.418009 0.043945 0.039531
0 0.721191 0.468521 0.028320 0.038067
0 0.737305 0.428258 0.021484 0.042460
0 0.772949 0.439239 0.063477 0.061493
0 0.815918 0.463397 0.024414 0.060029
0 0.826660 0.538067 0.045898 0.054173
0 0.861328 0.407028 0.050781 0.046852
0 0.879395 0.423865 0.055664 0.051245
0 0.894043 0.495608 0.061523 0.083455
0 0.905273 0.449488 0.052734 0.061493
0 0.947754 0.419473 0.041992 0.045388
0 0.974121 0.483163 0.036133 0.040996
0 0.979980 0.420205 0.038086 0.043924