0 0.027344 0.606881 0.052734 0.106881
0 0.181641 0.589312 0.054688 0.080527
0 0.267578 0.591508 0.087891 0.093704
0 0.306152 0.579795 0.040039 0.076135
0 0.304199 0.581991 0.026367 0.048316
0 0.315430 0.579063 0.021484 0.051245
0 0.342773 0.578331 0.050781 0.046852
0 0.375977 0.562225 0.041016 0.049780
0 0.386719 0.583455 0.048828 0.039531
0 0.398438 0.592972 0.042969 0.055637
0 0.441406 0.604685 0.095703 0.125915
0 0.414551 0.557833 0.016602 0.008785
0 0.450684 0.549048 0.051758 0.014641
0 0.458984 0.554173 0.060547 0.013177
0 0.483398 0.548316 0.029297 0.016105
0 0.485840 0.557101 0.028320 0.007321
0 0.492188 0.557101 0.023438 0.016105
0 0.514160 0.590044 0.057617 0.061493
0 0.529785 0.585652 0.063477 0.064422
0 0.535156 0.541728 0.037109 0.023426
0 0.635254 0.571010 0.032227 0.073206
0 0.674316 0.573939 0.084961 0.058565
0 0.702637 0.607613 0.125977 0.117130
0 0.678711 0.560761 0.076172 0.032211
0 0.736816 0.551245 0.024414 0.010249
0 0.785645 0.546120 0.100586 0.023426
0 0.753906 0.542460 0.029297 0.024890
0 0.810547 0.602489 0.113281 0.115666
0 0.809082 0.556369 0.051758 0.017570
0 0.967285 0.573206 0.063477 0.071742