0 0.086914 0.289714 0.115234 0.201823
0 0.156738 0.291667 0.057617 0.197917
0 0.234375 0.294271 0.125000 0.192708
0 0.248535 0.278646 0.083008 0.179688
0 0.306641 0.266276 0.064453 0.154948
0 0.342773 0.291667 0.111328 0.197917
0 0.379395 0.279297 0.065430 0.173177
0 0.402832 0.278646 0.034180 0.138021
0 0.422852 0.292969 0.042969 0.078125
0 0.434570 0.287109 0.042969 0.191406
0 0.478516 0.276693 0.107422 0.178385
0 0.528320 0.263021 0.060547 0.127604
0 0.539551 0.265625 0.032227 0.117188
0 0.579102 0.302734 0.056641 0.040365
0 0.642578 0.302734 0.044922 0.035156
0 0.665039 0.283854 0.066406 0.085938
0 0.717285 0.292318 0.067383 0.076823
0 0.794434 0.306641 0.075195 0.063802
0 0.826172 0.320312 0.082031 0.046875
0 0.853516 0.317708 0.042969 0.041667
0 0.897461 0.307943 0.085938 0.058594
0 0.964355 0.303385 0.047852 0.057292
0 0.991211 0.311849 0.013672 0.053385