0 0.271973 0.480069 0.069336 0.103986
0 0.021484 0.470537 0.042969 0.060659
0 0.038574 0.479203 0.026367 0.057192
0 0.068848 0.474003 0.043945 0.074523
0 0.104980 0.473137 0.045898 0.065858
0 0.128906 0.482669 0.046875 0.053726
0 0.180176 0.482669 0.061523 0.067591
0 0.223145 0.478336 0.020508 0.045061
0 0.221680 0.449740 0.013672 0.012132
0 0.313965 0.485269 0.028320 0.058925
0 0.333984 0.485269 0.041016 0.076256
0 0.373535 0.482669 0.026367 0.067591
0 0.442383 0.471404 0.111328 0.079723
0 0.742676 0.502600 0.036133 0.135182
0 0.772949 0.474870 0.016602 0.031196
0 0.773438 0.525997 0.015625 0.071057
0 0.787598 0.490468 0.018555 0.045061
0 0.808105 0.506066 0.040039 0.090121