0 0.143066 0.553207 0.045898 0.042274
0 0.170898 0.538630 0.042969 0.039359
0 0.226074 0.553207 0.053711 0.045190
0 0.235352 0.532799 0.042969 0.013120
0 0.274414 0.552478 0.044922 0.040816
0 0.299805 0.529883 0.044922 0.016035
0 0.308594 0.554665 0.042969 0.033528
0 0.335449 0.529883 0.030273 0.016035
0 0.347168 0.551749 0.043945 0.039359
0 0.398926 0.559038 0.047852 0.042274
0 0.450684 0.539359 0.038086 0.014577
0 0.456543 0.562682 0.049805 0.040816
0 0.504395 0.553936 0.045898 0.034985
0 0.531738 0.556122 0.038086 0.048105
0 0.560059 0.562682 0.051758 0.046647
0 0.591309 0.582362 0.055664 0.053936