0 0.382324 0.512327 0.071289 0.143297
0 0.042480 0.521572 0.084961 0.134052
0 0.080078 0.500770 0.064453 0.147920
0 0.126465 0.506934 0.055664 0.089368
0 0.206543 0.520031 0.069336 0.087827
0 0.252930 0.513867 0.039062 0.115562
0 0.290527 0.504622 0.075195 0.140216
0 0.324219 0.510015 0.044922 0.101695
0 0.414062 0.503082 0.027344 0.118644
0 0.435059 0.509245 0.065430 0.115562
0 0.483887 0.491525 0.053711 0.101695
0 0.522949 0.492296 0.075195 0.106317
0 0.577148 0.512327 0.054688 0.127889
0 0.603027 0.506163 0.075195 0.130971
0 0.668945 0.496148 0.068359 0.129430
0 0.706543 0.516179 0.038086 0.120185
0 0.770020 0.503082 0.069336 0.087827
0 0.835449 0.507704 0.081055 0.069337
0 0.881348 0.502311 0.034180 0.058552
0 0.941406 0.498459 0.115234 0.093991