0 0.052246 0.425844 0.016602 0.020558
0 0.101074 0.411160 0.012695 0.014684
0 0.173340 0.627753 0.112305 0.242291
0 0.145020 0.414831 0.008789 0.013216
0 0.177734 0.371512 0.011719 0.011747
0 0.199219 0.430250 0.013672 0.008811
0 0.199219 0.372981 0.009766 0.008811
0 0.215820 0.393539 0.007812 0.008811
0 0.325195 0.558737 0.099609 0.089574
0 0.411621 0.403818 0.020508 0.011747
0 0.468262 0.585169 0.096680 0.136564
0 0.535156 0.418502 0.011719 0.017621
0 0.789062 0.430250 0.021484 0.017621
0 0.823242 0.470631 0.019531 0.024963
0 0.838867 0.393539 0.011719 0.020558