0 0.008301 0.762811 0.016602 0.035139
0 0.039551 0.760615 0.028320 0.030747
0 0.090332 0.742313 0.016602 0.029283
0 0.195312 0.773060 0.068359 0.038067
0 0.200195 0.728404 0.021484 0.033675
0 0.205566 0.707174 0.026367 0.029283
0 0.226074 0.730600 0.022461 0.040996
0 0.340332 0.733529 0.008789 0.023426
0 0.370605 0.734993 0.016602 0.026354
0 0.408691 0.780381 0.028320 0.029283
0 0.445801 0.774524 0.045898 0.046852
0 0.495117 0.753294 0.054688 0.045388
0 0.502930 0.767204 0.048828 0.043924
0 0.544434 0.734993 0.028320 0.035139
0 0.570801 0.752562 0.040039 0.055637
0 0.607422 0.754026 0.044922 0.032211
0 0.603027 0.725476 0.024414 0.010249
0 0.652832 0.762811 0.032227 0.029283
0 0.815430 0.751098 0.052734 0.040996
0 0.911621 0.755490 0.026367 0.020498
0 0.973145 0.739385 0.043945 0.038067