0 0.846680 0.690755 0.080078 0.147135
0 0.317871 0.711589 0.127930 0.183594
0 0.336426 0.685547 0.110352 0.131510
0 0.415527 0.688151 0.141602 0.144531
0 0.431152 0.544271 0.102539 0.114583
0 0.498535 0.630208 0.081055 0.098958
0 0.508789 0.511068 0.078125 0.121094
0 0.574219 0.667318 0.111328 0.144531
0 0.619629 0.632812 0.100586 0.104167
0 0.678711 0.563151 0.054688 0.105469
0 0.705078 0.701172 0.085938 0.134115
0 0.791992 0.353516 0.029297 0.027344
0 0.813477 0.494141 0.037109 0.092448
0 0.991211 0.642578 0.015625 0.110677