0 0.760742 0.681351 0.185547 0.258443
0 0.204102 0.596182 0.076172 0.064611
0 0.242676 0.585903 0.090820 0.088106
0 0.405273 0.566814 0.052734 0.064611
0 0.482910 0.587372 0.053711 0.076358
0 0.498535 0.536711 0.028320 0.036711
0 0.567871 0.559471 0.094727 0.064611
0 0.671387 0.566814 0.086914 0.058737
0 0.741699 0.561674 0.047852 0.024963
0 0.773438 0.552129 0.035156 0.046990
0 0.836426 0.629222 0.141602 0.113069
0 0.836426 0.552863 0.094727 0.051395
0 0.827637 0.561674 0.036133 0.033774
0 0.846680 0.535977 0.007812 0.011747
0 0.859375 0.533774 0.009766 0.022026