0 0.149902 0.563802 0.088867 0.106771
0 0.044922 0.537109 0.015625 0.027344
0 0.069336 0.535156 0.037109 0.028646
0 0.142090 0.524089 0.028320 0.029948
0 0.169922 0.542318 0.031250 0.035156
0 0.174805 0.524740 0.037109 0.031250
0 0.293945 0.519531 0.033203 0.028646
0 0.402344 0.512370 0.042969 0.027344
0 0.513672 0.507812 0.042969 0.036458
0 0.579590 0.524740 0.034180 0.033854
0 0.588379 0.483724 0.024414 0.019531
0 0.589355 0.498047 0.022461 0.019531
0 0.619141 0.520182 0.046875 0.042969
0 0.647461 0.519531 0.021484 0.039062
0 0.700195 0.513672 0.013672 0.029948
0 0.712891 0.507161 0.019531 0.045573
0 0.910156 0.494141 0.015625 0.040365
0 0.945801 0.485677 0.020508 0.026042