0 0.033203 0.802053 0.029297 0.023460
0 0.053223 0.868768 0.022461 0.036657
0 0.064941 0.810117 0.018555 0.027859
0 0.079590 0.821114 0.018555 0.035191
0 0.123047 0.806452 0.082031 0.035191
0 0.121582 0.866569 0.022461 0.035191
0 0.205078 0.857771 0.144531 0.076246
0 0.168457 0.799120 0.012695 0.020528
0 0.182617 0.816716 0.019531 0.014663
0 0.203125 0.813050 0.013672 0.016129
0 0.212402 0.795455 0.024414 0.013196
0 0.272949 0.819648 0.032227 0.029326
0 0.284668 0.853372 0.022461 0.020528
0 0.284180 0.873900 0.017578 0.035191
0 0.300781 0.845308 0.017578 0.019062
0 0.312988 0.882698 0.024414 0.046921
0 0.360352 0.855572 0.072266 0.080645
0 0.396973 0.815982 0.014648 0.027859
0 0.414062 0.891496 0.021484 0.023460
0 0.421387 0.809384 0.012695 0.029326
0 0.449219 0.868768 0.048828 0.054252
0 0.515137 0.893695 0.049805 0.042522
0 0.532227 0.864370 0.027344 0.039589
0 0.547852 0.822581 0.019531 0.026393
0 0.568359 0.818915 0.013672 0.030792
0 0.581543 0.854106 0.024414 0.030792
0 0.620605 0.904692 0.055664 0.049853
0 0.600586 0.873900 0.013672 0.026393
0 0.629883 0.863636 0.015625 0.026393
0 0.697754 0.876100 0.041992 0.027859
0 0.933105 0.888563 0.061523 0.046921