0 0.209473 0.603516 0.166992 0.264323
0 0.027832 0.458333 0.055664 0.101562
0 0.086426 0.512370 0.120117 0.191406
0 0.097168 0.420573 0.086914 0.114583
0 0.096680 0.233724 0.058594 0.123698
0 0.086426 0.244792 0.034180 0.093750
0 0.233398 0.456380 0.185547 0.141927
0 0.231934 0.259766 0.049805 0.100260
0 0.333984 0.809245 0.253906 0.378906
0 0.450684 0.589193 0.125977 0.470052
0 0.532227 0.796224 0.123047 0.404948
0 0.616211 0.649740 0.076172 0.250000
0 0.825195 0.807292 0.347656 0.382812
0 0.784180 0.552083 0.134766 0.427083