0 0.864258 0.811198 0.080078 0.229167
0 0.030762 0.529297 0.028320 0.024740
0 0.166504 0.523438 0.024414 0.020833
0 0.274902 0.623698 0.051758 0.026042
0 0.417969 0.640625 0.044922 0.046875
0 0.492188 0.671224 0.046875 0.027344
0 0.526855 0.718750 0.084961 0.049479
0 0.512207 0.649089 0.051758 0.024740
0 0.621094 0.686198 0.052734 0.111979
0 0.688965 0.804036 0.139648 0.082031
0 0.649414 0.664062 0.041016 0.046875
0 0.799805 0.529297 0.011719 0.032552
0 0.847656 0.599609 0.027344 0.061198
0 0.845703 0.518229 0.019531 0.023438
0 0.978027 0.514323 0.032227 0.026042