0 0.036133 0.544985 0.072266 0.140118
0 0.060059 0.519912 0.073242 0.113569
0 0.098145 0.530236 0.047852 0.084071
0 0.144531 0.538348 0.037109 0.064897
0 0.155762 0.520649 0.055664 0.070796
0 0.175781 0.500737 0.046875 0.066372
0 0.265137 0.506637 0.024414 0.039823
0 0.448242 0.490413 0.042969 0.125369
0 0.472656 0.539823 0.044922 0.103245
0 0.514648 0.547198 0.056641 0.168142
0 0.545410 0.436578 0.112305 0.171091
0 0.714355 0.462389 0.272461 0.402655
0 0.723633 0.605457 0.283203 0.393805
0 0.963867 0.292773 0.070312 0.284661
0 0.970703 0.617257 0.056641 0.216814