0 0.052734 0.389974 0.105469 0.175781
0 0.151367 0.416016 0.210938 0.199219
0 0.169922 0.434245 0.230469 0.235677
0 0.333984 0.449219 0.160156 0.210938
0 0.384766 0.403646 0.132812 0.192708
0 0.428711 0.437500 0.197266 0.244792
0 0.494629 0.401693 0.131836 0.235677
0 0.512695 0.363281 0.160156 0.169271
0 0.619141 0.422526 0.117188 0.243490
0 0.651855 0.311849 0.116211 0.074219
0 0.733398 0.434896 0.181641 0.244792
0 0.778809 0.313151 0.143555 0.079427
0 0.832520 0.395833 0.166992 0.192708
0 0.953613 0.417969 0.090820 0.247396
0 0.989746 0.317708 0.018555 0.052083