0 0.197754 0.451823 0.112305 0.111979
0 0.018555 0.648438 0.037109 0.044271
0 0.028809 0.508464 0.057617 0.110677
0 0.035156 0.604818 0.070312 0.058594
0 0.057617 0.520182 0.080078 0.082031
0 0.096680 0.614583 0.111328 0.080729
0 0.080078 0.472656 0.064453 0.054688
0 0.133301 0.634115 0.145508 0.080729
0 0.116211 0.520182 0.068359 0.050781
0 0.113770 0.462240 0.032227 0.059896
0 0.153809 0.475260 0.047852 0.044271
0 0.210938 0.628906 0.125000 0.101562
0 0.251953 0.640625 0.107422 0.088542
0 0.306152 0.468750 0.090820 0.078125
0 0.311035 0.653646 0.036133 0.054688
0 0.321777 0.422526 0.053711 0.032552
0 0.387695 0.675781 0.175781 0.143229
0 0.394531 0.593750 0.167969 0.145833
0 0.598145 0.619792 0.069336 0.078125
0 0.619141 0.630859 0.052734 0.063802
0 0.664062 0.413411 0.070312 0.092448
0 0.736816 0.514974 0.084961 0.084635
0 0.756836 0.570312 0.083984 0.111979
0 0.824707 0.608073 0.069336 0.125000
0 0.880371 0.607422 0.041992 0.131510
0 0.896484 0.642578 0.041016 0.110677
0 0.913574 0.621745 0.067383 0.160156
0 0.968750 0.630208 0.060547 0.158854
0 0.970215 0.673177 0.057617 0.049479
0 0.967285 0.538411 0.040039 0.055990