0 0.089844 0.890669 0.136719 0.149025
0 0.139648 0.924791 0.052734 0.038997
0 0.223145 0.550836 0.092773 0.090529
0 0.224609 0.538997 0.078125 0.094708
0 0.232422 0.249304 0.082031 0.114206
0 0.266113 0.712396 0.116211 0.093315
0 0.291992 0.260446 0.064453 0.086351
0 0.372559 0.903900 0.073242 0.111421
0 0.530273 0.917131 0.027344 0.034819
0 0.562988 0.853760 0.092773 0.114206
0 0.613281 0.882312 0.068359 0.051532
0 0.611328 0.932451 0.015625 0.023677
0 0.823730 0.082869 0.075195 0.057103
0 0.832520 0.892061 0.065430 0.084958
0 0.904297 0.071031 0.066406 0.050139
0 0.912598 0.875348 0.081055 0.149025
0 0.942383 0.927577 0.021484 0.038997