0 0.284180 0.733468 0.128906 0.117409
0 0.273438 0.742240 0.035156 0.105263
0 0.300781 0.739541 0.058594 0.107962
0 0.370117 0.746289 0.095703 0.110661
0 0.408691 0.753711 0.049805 0.139001
0 0.452637 0.745614 0.051758 0.133603
0 0.484863 0.749663 0.049805 0.120108
0 0.571289 0.732794 0.185547 0.116059
0 0.513672 0.755735 0.062500 0.140351
0 0.542969 0.762483 0.089844 0.126856
0 0.622070 0.767881 0.074219 0.126856
0 0.692871 0.750337 0.092773 0.143050
0 0.679199 0.771255 0.057617 0.149798
0 0.847656 0.686910 0.037109 0.056680