0 0.557129 0.921875 0.096680 0.098958
0 0.308105 0.457031 0.108398 0.080729
0 0.295410 0.688151 0.081055 0.079427
0 0.300293 0.779948 0.086914 0.075521
0 0.303711 0.577474 0.089844 0.076823
0 0.309082 0.895833 0.100586 0.083333
0 0.495117 0.311849 0.312500 0.240885
0 0.430176 0.899089 0.120117 0.089844
0 0.684570 0.903646 0.119141 0.080729
0 0.705566 0.671224 0.100586 0.076823
0 0.698242 0.784505 0.082031 0.089844
0 0.701660 0.556641 0.088867 0.074219
0 0.714355 0.454427 0.088867 0.091146
0 0.799805 0.940755 0.058594 0.058594
0 0.804688 0.856120 0.054688 0.055990
0 0.859863 0.782552 0.043945 0.065104
0 0.906250 0.915365 0.076172 0.109375
0 0.967285 0.850260 0.057617 0.054688