0 0.659180 0.521994 0.074219 0.099707
0 0.026367 0.484604 0.052734 0.080645
0 0.064941 0.484604 0.030273 0.045455
0 0.140137 0.492669 0.024414 0.041056
0 0.186035 0.484604 0.026367 0.065982
0 0.229004 0.489736 0.055664 0.058651
0 0.253418 0.476540 0.026367 0.049853
0 0.293945 0.480938 0.011719 0.041056
0 0.367188 0.493402 0.109375 0.068915
0 0.454590 0.514663 0.135742 0.105572
0 0.527832 0.510264 0.024414 0.041056
0 0.547852 0.510264 0.023438 0.041056
0 0.603516 0.508798 0.035156 0.049853
0 0.704590 0.516862 0.034180 0.051320
0 0.738281 0.505865 0.031250 0.038123
0 0.974121 0.531525 0.047852 0.080645