0 0.163086 0.782490 0.306641 0.344733
0 0.028320 0.398769 0.056641 0.042408
0 0.055176 0.515732 0.110352 0.199726
0 0.134277 0.508892 0.125977 0.213406
0 0.184082 0.414501 0.067383 0.109439
0 0.257812 0.527360 0.111328 0.170999
0 0.274902 0.422025 0.133789 0.140903
0 0.375977 0.584815 0.117188 0.335157
0 0.494141 0.516416 0.195312 0.212038
0 0.469727 0.388509 0.099609 0.054720
0 0.574219 0.384405 0.111328 0.071135
0 0.646973 0.437756 0.100586 0.109439
0 0.688965 0.593707 0.127930 0.257182
0 0.671875 0.409713 0.035156 0.072503
0 0.751465 0.391929 0.151367 0.094391
0 0.755859 0.526676 0.097656 0.262654
0 0.900879 0.755814 0.196289 0.485636
0 0.929688 0.526676 0.138672 0.205198
0 0.963379 0.504788 0.071289 0.240766