0 0.013184 0.412500 0.026367 0.260294
0 0.093750 0.470588 0.107422 0.176471
0 0.267578 0.471324 0.119141 0.163235
0 0.282227 0.392647 0.140625 0.285294
0 0.550781 0.503676 0.314453 0.345588
0 0.495117 0.340441 0.074219 0.060294
0 0.560547 0.313235 0.105469 0.079412
0 0.696289 0.438235 0.212891 0.285294
0 0.738281 0.236765 0.193359 0.088235
0 0.771484 0.284559 0.111328 0.063235
0 0.867676 0.411029 0.149414 0.280882
0 0.901855 0.477206 0.194336 0.336765
0 0.938965 0.272794 0.096680 0.057353
0 0.970703 0.230882 0.056641 0.055882