0 0.423828 0.526042 0.269531 0.317708
0 0.140137 0.383464 0.041992 0.032552
0 0.188965 0.379557 0.016602 0.035156
0 0.208984 0.380208 0.017578 0.031250
0 0.226074 0.374349 0.026367 0.027344
0 0.308105 0.375651 0.022461 0.040365
0 0.333496 0.381510 0.034180 0.041667
0 0.432617 0.356771 0.019531 0.031250
0 0.481445 0.390625 0.050781 0.031250
0 0.478027 0.367188 0.022461 0.010417
0 0.604980 0.409505 0.071289 0.115885
0 0.639648 0.302083 0.029297 0.026042
0 0.726562 0.371745 0.054688 0.089844
0 0.736816 0.304688 0.036133 0.031250
0 0.762695 0.360026 0.046875 0.066406
0 0.750488 0.281250 0.018555 0.023438
0 0.782227 0.303385 0.037109 0.033854
0 0.806641 0.277995 0.031250 0.029948
0 0.831055 0.399740 0.060547 0.054688
0 0.830078 0.285807 0.031250 0.032552
0 0.865234 0.289714 0.039062 0.035156
0 0.884277 0.361979 0.077148 0.080729
0 0.884766 0.257161 0.035156 0.024740
0 0.920898 0.322917 0.041016 0.041667
0 0.942871 0.335286 0.045898 0.055990
0 0.966309 0.331380 0.038086 0.063802