0 0.741699 0.615033 0.196289 0.150327
0 0.039062 0.616340 0.078125 0.082353
0 0.070801 0.629412 0.034180 0.043137
0 0.195801 0.624837 0.104492 0.078431
0 0.255371 0.635294 0.168945 0.175163
0 0.304688 0.640523 0.193359 0.172549
0 0.387207 0.640523 0.100586 0.088889
0 0.471191 0.611111 0.219727 0.176471
0 0.500000 0.627451 0.136719 0.190850
0 0.563965 0.647712 0.104492 0.213072
0 0.612305 0.600654 0.083984 0.132026
0 0.629883 0.626144 0.052734 0.128105
0 0.691895 0.645098 0.063477 0.045752
0 0.785156 0.632680 0.101562 0.081046
0 0.950195 0.620261 0.097656 0.098039