0 0.478027 0.666667 0.182617 0.205882
0 0.073242 0.613562 0.033203 0.044118
0 0.106445 0.602124 0.033203 0.076797
0 0.104492 0.640523 0.025391 0.049020
0 0.251953 0.637255 0.248047 0.300654
0 0.363281 0.614379 0.056641 0.107843
0 0.392090 0.678105 0.094727 0.169935
0 0.427734 0.578431 0.035156 0.055556
0 0.515137 0.566176 0.059570 0.063725
0 0.558105 0.698529 0.081055 0.096405
0 0.643066 0.656863 0.053711 0.104575
0 0.753906 0.602124 0.105469 0.171569
0 0.755371 0.663399 0.102539 0.117647
0 0.895996 0.598856 0.100586 0.220588