0 0.528809 0.733529 0.106445 0.266471
0 0.272461 0.696193 0.132812 0.297218
0 0.289062 0.744510 0.115234 0.282577
0 0.294434 0.867496 0.067383 0.209370
0 0.287598 0.472182 0.041992 0.162518
0 0.324707 0.768668 0.057617 0.222548
0 0.330078 0.495608 0.039062 0.127379
0 0.341797 0.442167 0.031250 0.055637
0 0.353027 0.904832 0.049805 0.187408
0 0.365234 0.516837 0.068359 0.193265
0 0.380859 0.734993 0.093750 0.254758
0 0.367676 0.405564 0.024414 0.032211
0 0.394043 0.575403 0.061523 0.117130
0 0.386230 0.392387 0.036133 0.043924
0 0.408691 0.478770 0.057617 0.058565
0 0.409668 0.407760 0.036133 0.027818
0 0.449707 0.551245 0.081055 0.103953
0 0.448730 0.757687 0.043945 0.209370
0 0.569336 0.677160 0.273438 0.265007
0 0.459961 0.446559 0.042969 0.081991
0 0.470703 0.407760 0.046875 0.060029
0 0.471191 0.467789 0.038086 0.036603
0 0.516602 0.479502 0.060547 0.083455
0 0.520996 0.545388 0.067383 0.092240
0 0.529785 0.414348 0.061523 0.058565
0 0.583984 0.527086 0.050781 0.081991
0 0.627441 0.803807 0.067383 0.202050
0 0.666992 0.703514 0.144531 0.300146
0 0.668457 0.485359 0.127930 0.191801
0 0.648438 0.740117 0.039062 0.188873
0 0.724609 0.751098 0.097656 0.333821
0 0.720703 0.441435 0.027344 0.065886
0 0.737793 0.480234 0.038086 0.169839
0 0.767578 0.515373 0.037109 0.102489
0 0.819336 0.761347 0.105469 0.354319
0 0.805664 0.485359 0.042969 0.144949
0 0.861816 0.860176 0.061523 0.212299
0 0.946289 0.714495 0.082031 0.339678
0 0.989746 0.672035 0.018555 0.207906