0 0.672852 0.728228 0.107422 0.111111
0 0.084961 0.239489 0.017578 0.031532
0 0.098145 0.119369 0.014648 0.025526
0 0.113770 0.124625 0.012695 0.018018
0 0.181152 0.373874 0.028320 0.063063
0 0.298828 0.434685 0.021484 0.019520
0 0.415039 0.118619 0.013672 0.015015
0 0.429199 0.120120 0.012695 0.024024
0 0.442383 0.117117 0.011719 0.021021
0 0.445312 0.151652 0.015625 0.024024
0 0.496582 0.725225 0.100586 0.135135
0 0.458496 0.108108 0.014648 0.015015
0 0.482422 0.155405 0.019531 0.031532
0 0.493652 0.123123 0.008789 0.015015
0 0.539551 0.132883 0.016602 0.016517