0 0.460938 0.472656 0.015625 0.044271
0 0.469238 0.541016 0.024414 0.066406
0 0.504395 0.433594 0.016602 0.044271
0 0.540039 0.498698 0.042969 0.088542
0 0.527344 0.436198 0.013672 0.049479
0 0.544922 0.574219 0.031250 0.096354
0 0.546875 0.432943 0.027344 0.027344
0 0.551270 0.444010 0.020508 0.041667
0 0.569336 0.425130 0.017578 0.016927
0 0.576660 0.451172 0.032227 0.042969
0 0.580566 0.524089 0.040039 0.113281
0 0.580566 0.428385 0.028320 0.018229
0 0.601074 0.507812 0.053711 0.151042
0 0.621094 0.439453 0.031250 0.022135
0 0.643555 0.533854 0.050781 0.125000
0 0.656250 0.500651 0.037109 0.123698
0 0.690918 0.519531 0.057617 0.138021
0 0.698242 0.514974 0.046875 0.136719
0 0.720215 0.540365 0.049805 0.138021
0 0.746094 0.522135 0.039062 0.111979