0 0.013672 0.629557 0.027344 0.040365
0 0.084961 0.627604 0.044922 0.044271
0 0.126953 0.636068 0.035156 0.045573
0 0.194824 0.627604 0.040039 0.044271
0 0.217285 0.646484 0.049805 0.053385
0 0.227051 0.612630 0.030273 0.032552
0 0.288574 0.627604 0.067383 0.049479
0 0.374512 0.628906 0.024414 0.059896
0 0.485840 0.622396 0.182617 0.072917
0 0.628418 0.636068 0.083008 0.087240
0 0.659668 0.622396 0.075195 0.072917
0 0.735840 0.600911 0.032227 0.037760
0 0.756836 0.641276 0.064453 0.076823
0 0.825684 0.615885 0.041992 0.085938
0 0.851074 0.609375 0.047852 0.085938