0 0.070964 0.376465 0.118490 0.122070
0 0.031250 0.813477 0.062500 0.134766
0 0.051432 0.687500 0.102865 0.062500
0 0.210938 0.920410 0.421875 0.157227
0 0.121745 0.598633 0.243490 0.068359
0 0.160807 0.613770 0.188802 0.106445
0 0.228516 0.693359 0.319010 0.097656
0 0.241536 0.750977 0.259115 0.107422
0 0.278646 0.353516 0.151042 0.080078
0 0.289714 0.526367 0.154948 0.052734
0 0.417318 0.815918 0.160156 0.102539
0 0.444661 0.634277 0.186198 0.065430
0 0.485026 0.618652 0.235677 0.139648
0 0.494141 0.734863 0.230469 0.143555
0 0.521484 0.949707 0.282552 0.098633
0 0.685547 0.701172 0.308594 0.115234
0 0.813151 0.826660 0.321615 0.165039
0 0.808594 0.604004 0.197917 0.079102
0 0.813802 0.634277 0.140625 0.079102
0 0.881510 0.945312 0.234375 0.105469
0 0.866536 0.759766 0.191406 0.080078
0 0.853516 0.653320 0.089844 0.068359
0 0.933594 0.729980 0.130208 0.108398
0 0.938151 0.614746 0.121094 0.083008