0 0.657715 0.611544 0.114258 0.383775
0 0.028809 0.495320 0.057617 0.157566
0 0.039551 0.347894 0.079102 0.202808
0 0.041504 0.250390 0.083008 0.073323
0 0.060059 0.755070 0.120117 0.271451
0 0.089844 0.883775 0.179688 0.229329
0 0.091797 0.517941 0.183594 0.262090
0 0.048340 0.175507 0.073242 0.082683
0 0.125000 0.755070 0.167969 0.265211
0 0.074707 0.171607 0.063477 0.046802
0 0.108887 0.272231 0.092773 0.151326
0 0.242188 0.864275 0.345703 0.268331
0 0.166992 0.153666 0.035156 0.035881
0 0.176270 0.185647 0.051758 0.043682
0 0.183594 0.227769 0.058594 0.078003
0 0.223633 0.589704 0.126953 0.177847
0 0.214844 0.315133 0.085938 0.121685
0 0.214844 0.251170 0.076172 0.074883
0 0.204102 0.149766 0.039062 0.043682
0 0.248535 0.475819 0.127930 0.196568
0 0.251953 0.360374 0.117188 0.149766
0 0.282227 0.712168 0.175781 0.251170
0 0.230957 0.172387 0.051758 0.067083
0 0.248535 0.217629 0.057617 0.095164
0 0.560059 0.242590 0.594727 0.482059
0 0.341309 0.535101 0.106445 0.215289
0 0.318848 0.167707 0.051758 0.042122
0 0.385254 0.404056 0.079102 0.102964
0 0.385742 0.064743 0.041016 0.057722
0 0.384766 0.087363 0.031250 0.059282
0 0.433105 0.746490 0.118164 0.503900
0 0.406250 0.099844 0.042969 0.084243
0 0.430176 0.460998 0.086914 0.145086
0 0.517090 0.794072 0.149414 0.408736
0 0.500977 0.531981 0.080078 0.227769
0 0.578125 0.561622 0.078125 0.318253
0 0.810547 0.210608 0.066406 0.106084
0 0.860352 0.227769 0.064453 0.196568
0 0.874023 0.078003 0.027344 0.093604