0 0.245605 0.849183 0.057617 0.111441
0 0.012207 0.753343 0.024414 0.026746
0 0.012207 0.799406 0.024414 0.065379
0 0.044434 0.824666 0.065430 0.068351
0 0.057129 0.791976 0.055664 0.065379
0 0.066895 0.884844 0.075195 0.075780
0 0.089355 0.772660 0.049805 0.056464
0 0.174316 0.791976 0.129883 0.095097
0 0.302246 0.788262 0.040039 0.063893
0 0.340820 0.784547 0.052734 0.065379
0 0.360840 0.858841 0.092773 0.106984
0 0.388184 0.790490 0.032227 0.053492
0 0.437012 0.786776 0.049805 0.046062
0 0.432129 0.822437 0.030273 0.072808
0 0.501953 0.786033 0.035156 0.053492
0 0.542480 0.788262 0.040039 0.057949
0 0.579590 0.791976 0.034180 0.056464
0 0.607422 0.782318 0.044922 0.060921
0 0.649902 0.789747 0.040039 0.060921
0 0.682129 0.784547 0.040039 0.065379
0 0.715820 0.780832 0.037109 0.049034
0 0.764160 0.782318 0.040039 0.046062
0 0.789551 0.773403 0.065430 0.049034
0 0.820801 0.791976 0.032227 0.050520
0 0.832031 0.722140 0.009766 0.014859
0 0.863281 0.786776 0.052734 0.060921
0 0.854492 0.727340 0.015625 0.010401
0 0.890625 0.780832 0.052734 0.057949
0 0.888184 0.717682 0.022461 0.029718
0 0.929199 0.711738 0.040039 0.026746
0 0.979492 0.710253 0.015625 0.023774