0 0.921387 0.304575 0.139648 0.149020
0 0.107910 0.178431 0.215820 0.213072
0 0.206543 0.416993 0.233398 0.193464
0 0.289062 0.669935 0.339844 0.377778
0 0.333984 0.727451 0.308594 0.432680
0 0.410645 0.433333 0.202148 0.184314
0 0.385742 0.260131 0.095703 0.115033
0 0.465820 0.269281 0.117188 0.120261
0 0.524414 0.662092 0.189453 0.432680
0 0.499023 0.173856 0.080078 0.039216
0 0.548828 0.322222 0.078125 0.142484
0 0.658203 0.500654 0.275391 0.216993
0 0.584473 0.239216 0.114258 0.101961
0 0.542969 0.167974 0.023438 0.048366
0 0.633789 0.359477 0.140625 0.101961
0 0.704102 0.339869 0.195312 0.133333
0 0.747559 0.235294 0.104492 0.075817
0 0.905273 0.187582 0.078125 0.064052
0 0.962891 0.198693 0.072266 0.073203